# This file was produced by samtools stats (1.20+htslib-1.20) and can be plotted using plot-bamstats
# This file contains statistics for all reads.
# The command line was:  stats 59_sorted.bam
# CHK, Checksum	[2]Read Names	[3]Sequences	[4]Qualities
# CHK, CRC32 of reads which passed filtering followed by addition (32bit overflow)
CHK	545a8054	4ea60c6b	3c5f3ada
# Summary Numbers. Use `grep ^SN | cut -f 2-` to extract this part.
SN	raw total sequences:	20337660	# excluding supplementary and secondary reads
SN	filtered sequences:	0
SN	sequences:	20337660
SN	is sorted:	1
SN	1st fragments:	10168830
SN	last fragments:	10168830
SN	reads mapped:	20288330
SN	reads mapped and paired:	20245636	# paired-end technology bit set + both mates mapped
SN	reads unmapped:	49330
SN	reads properly paired:	20199724	# proper-pair bit set
SN	reads paired:	20337660	# paired-end technology bit set
SN	reads duplicated:	0	# PCR or optical duplicate bit set
SN	reads MQ0:	12931837	# mapped and MQ=0
SN	reads QC failed:	0
SN	non-primary alignments:	0
SN	supplementary alignments:	2309
SN	total length:	1494705338	# ignores clipping
SN	total first fragment length:	750682585	# ignores clipping
SN	total last fragment length:	744022753	# ignores clipping
SN	bases mapped:	1492418316	# ignores clipping
SN	bases mapped (cigar):	1491507331	# more accurate
SN	bases trimmed:	0
SN	bases duplicated:	0
SN	mismatches:	2149258	# from NM fields
SN	error rate:	1.440997e-03	# mismatches / bases mapped (cigar)
SN	average length:	73
SN	average first fragment length:	74
SN	average last fragment length:	73
SN	maximum length:	75
SN	maximum first fragment length:	75
SN	maximum last fragment length:	75
SN	average quality:	35.1
SN	insert size average:	146.2
SN	insert size standard deviation:	32.9
SN	inward oriented pairs:	10088797
SN	outward oriented pairs:	23001
SN	pairs with other orientation:	9893
SN	pairs on different chromosomes:	1127
SN	percentage of properly paired reads (%):	99.3
# First Fragment Qualities. Use `grep ^FFQ | cut -f 2-` to extract this part.
# Columns correspond to qualities and rows to cycles. First column is the cycle number.
FFQ	1	0	0	0	0	0	0	0	0	0	0	0	0	0	0	119331	0	0	0	0	0	0	83485	0	0	0	0	0	4221	0	0	0	0	9961793	0	0	0	0	0
FFQ	2	0	0	49	0	0	0	0	0	0	0	0	0	0	0	94799	0	0	0	0	0	0	77247	0	0	0	0	0	1938	0	0	0	0	9994797	0	0	0	0	0
FFQ	3	0	0	0	0	0	0	0	0	0	0	0	0	0	0	91085	0	0	0	0	0	0	42565	0	0	0	0	0	1053	0	0	0	0	10034127	0	0	0	0	0
FFQ	4	0	0	13	0	0	0	0	0	0	0	0	0	0	0	75345	0	0	0	0	0	0	43208	0	0	0	0	0	1059	0	0	0	0	10049205	0	0	0	0	0
FFQ	5	0	0	44	0	0	0	0	0	0	0	0	0	0	0	69942	0	0	0	0	0	0	48578	0	0	0	0	0	1460	0	0	0	0	10048740	0	0	0	66	0
FFQ	6	0	0	2293	0	0	0	0	0	0	0	0	0	0	0	90110	0	0	0	0	0	0	63741	0	0	0	0	0	1705	0	0	0	0	266751	0	0	0	9744230	0
FFQ	7	0	0	14	0	0	0	0	0	0	0	0	0	0	0	104328	0	0	0	0	0	0	56644	0	0	0	0	0	1187	0	0	0	0	301513	0	0	0	9705144	0
FFQ	8	0	0	169	0	0	0	0	0	0	0	0	0	0	0	108534	0	0	0	0	0	0	51928	0	0	0	0	0	796	0	0	0	0	343775	0	0	0	9663628	0
FFQ	9	0	0	6	0	0	0	0	0	0	0	0	0	0	0	116899	0	0	0	0	0	0	41024	0	0	0	0	0	704	0	0	0	0	358239	0	0	0	9651958	0
FFQ	10	0	0	0	0	0	0	0	0	0	0	0	0	0	0	126074	0	0	0	0	0	0	47710	0	0	0	0	0	1633	0	0	0	0	384158	0	0	0	9609255	0
FFQ	11	0	0	14	0	0	0	0	0	0	0	0	0	0	0	105284	0	0	0	0	0	0	40105	0	0	0	0	0	734	0	0	0	0	350892	0	0	0	9671801	0
FFQ	12	0	0	14	0	0	0	0	0	0	0	0	0	0	0	116945	0	0	0	0	0	0	45828	0	0	0	0	0	1231	0	0	0	0	386382	0	0	0	9618430	0
FFQ	13	0	0	38	0	0	0	0	0	0	0	0	0	0	0	122696	0	0	0	0	0	0	37434	0	0	0	0	0	1313	0	0	0	0	395263	0	0	0	9612086	0
FFQ	14	0	0	111	0	0	0	0	0	0	0	0	0	0	0	124915	0	0	0	0	0	0	32226	0	0	0	0	0	1256	0	0	0	0	390724	0	0	0	9619598	0
FFQ	15	0	0	9	0	0	0	0	0	0	0	0	0	0	0	119938	0	0	0	0	0	0	36265	0	0	0	0	0	900	0	0	0	0	374341	0	0	0	9637377	0
FFQ	16	0	0	19	0	0	0	0	0	0	0	0	0	0	0	115568	0	0	0	0	0	0	33136	0	0	0	0	0	846	0	0	0	0	374305	0	0	0	9644956	0
FFQ	17	0	0	34	0	0	0	0	0	0	0	0	0	0	0	112488	0	0	0	0	0	0	33698	0	0	0	0	0	2250	0	0	0	0	369924	0	0	0	9650436	0
FFQ	18	0	0	62	0	0	0	0	0	0	0	0	0	0	0	114428	0	0	0	0	0	0	36766	0	0	0	0	0	3124	0	0	0	0	377608	0	0	0	9636842	0
FFQ	19	0	0	24	0	0	0	0	0	0	0	0	0	0	0	120137	0	0	0	0	0	0	39589	0	0	0	0	0	3607	0	0	0	0	403679	0	0	0	9601794	0
FFQ	20	0	0	11	0	0	0	0	0	0	0	0	0	0	0	120761	0	0	0	0	0	0	31286	0	0	0	0	0	4673	0	0	0	0	400225	0	0	0	9611874	0
FFQ	21	0	0	46	0	0	0	0	0	0	0	0	0	0	0	118373	0	0	0	0	0	0	31888	0	0	0	0	0	4945	0	0	0	0	402958	0	0	0	9610620	0
FFQ	22	0	0	60	0	0	0	0	0	0	0	0	0	0	0	121809	0	0	0	0	0	0	29659	0	0	0	0	0	9046	0	0	0	0	411480	0	0	0	9596776	0
FFQ	23	0	0	344	0	0	0	0	0	0	0	0	0	0	0	120263	0	0	0	0	0	0	29696	0	0	0	0	0	11209	0	0	0	0	406463	0	0	0	9600855	0
FFQ	24	0	0	95	0	0	0	0	0	0	0	0	0	0	0	129152	0	0	0	0	0	0	27089	0	0	0	0	0	16254	0	0	0	0	411801	0	0	0	9584439	0
FFQ	25	0	0	90	0	0	0	0	0	0	0	0	0	0	0	130718	0	0	0	0	0	0	26966	0	0	0	0	0	22807	0	0	0	0	432144	0	0	0	9556105	0
FFQ	26	0	0	179	0	0	0	0	0	0	0	0	0	0	0	137668	0	0	0	0	0	0	29601	0	0	0	0	0	25238	0	0	0	0	433785	0	0	0	9535741	0
FFQ	27	0	0	129	0	0	0	0	0	0	0	0	0	0	0	135271	0	0	0	0	0	0	25267	0	0	0	0	0	27863	0	0	0	0	428593	0	0	0	9539093	0
FFQ	28	0	0	97	0	0	0	0	0	0	0	0	0	0	0	141509	0	0	0	0	0	0	24575	0	0	0	0	0	40347	0	0	0	0	426578	0	0	0	9516797	0
FFQ	29	0	0	67	0	0	0	0	0	0	0	0	0	0	0	131408	0	0	0	0	0	0	23007	0	0	0	0	0	40343	0	0	0	0	423539	0	0	0	9525144	0
FFQ	30	0	0	134	0	0	0	0	0	0	0	0	0	0	0	140051	0	0	0	0	0	0	22034	0	0	0	0	0	43028	0	0	0	0	428070	0	0	0	9503745	0
FFQ	31	0	0	60	0	0	0	0	0	0	0	0	0	0	0	136430	0	0	0	0	0	0	18533	0	0	0	0	0	49233	0	0	0	0	413729	0	0	0	9512771	0
FFQ	32	0	0	30	0	0	0	0	0	0	0	0	0	0	0	141873	0	0	0	0	0	0	15761	0	0	0	0	0	62494	0	0	0	0	424759	0	0	0	9479546	0
FFQ	33	0	0	51	0	0	0	0	0	0	0	0	0	0	0	143030	0	0	0	0	0	0	14039	0	0	0	0	0	68956	0	0	0	0	426339	0	0	0	9465787	0
FFQ	34	0	0	17	0	0	0	0	0	0	0	0	0	0	0	137399	0	0	0	0	0	0	14763	0	0	0	0	0	71286	0	0	0	0	417936	0	0	0	9469778	0
FFQ	35	0	0	24	0	0	0	0	0	0	0	0	0	0	0	140041	0	0	0	0	0	0	14377	0	0	0	0	0	65977	0	0	0	0	390671	0	0	0	9493806	0
FFQ	36	0	0	26	0	0	0	0	0	0	0	0	0	0	0	139295	0	0	0	0	0	0	14903	0	0	0	0	0	68491	0	0	0	0	396982	0	0	0	9479141	0
FFQ	37	0	0	13	0	0	0	0	0	0	0	0	0	0	0	138830	0	0	0	0	0	0	12969	0	0	0	0	0	74643	0	0	0	0	409756	0	0	0	9456211	0
FFQ	38	0	0	17	0	0	0	0	0	0	0	0	0	0	0	151421	0	0	0	0	0	0	12674	0	0	0	0	0	73908	0	0	0	0	429135	0	0	0	9418719	0
FFQ	39	0	0	32	0	0	0	0	0	0	0	0	0	0	0	149280	0	0	0	0	0	0	13560	0	0	0	0	0	63823	0	0	0	0	411524	0	0	0	9441497	0
FFQ	40	0	0	19	0	0	0	0	0	0	0	0	0	0	0	149647	0	0	0	0	0	0	12251	0	0	0	0	0	67426	0	0	0	0	434397	0	0	0	9409522	0
FFQ	41	0	0	45	0	0	0	0	0	0	0	0	0	0	0	143756	0	0	0	0	0	0	11114	0	0	0	0	0	70472	0	0	0	0	429649	0	0	0	9412006	0
FFQ	42	0	0	4	0	0	0	0	0	0	0	0	0	0	0	144734	0	0	0	0	0	0	11367	0	0	0	0	0	60644	0	0	0	0	412309	0	0	0	9431902	0
FFQ	43	0	0	13	0	0	0	0	0	0	0	0	0	0	0	143269	0	0	0	0	0	0	11185	0	0	0	0	0	59925	0	0	0	0	419204	0	0	0	9421666	0
FFQ	44	0	0	25	0	0	0	0	0	0	0	0	0	0	0	146153	0	0	0	0	0	0	11948	0	0	0	0	0	57814	0	0	0	0	408535	0	0	0	9424678	0
FFQ	45	0	0	1	0	0	0	0	0	0	0	0	0	0	0	148895	0	0	0	0	0	0	12199	0	0	0	0	0	63023	0	0	0	0	435380	0	0	0	9383835	0
FFQ	46	0	0	3	0	0	0	0	0	0	0	0	0	0	0	142422	0	0	0	0	0	0	12002	0	0	0	0	0	63106	0	0	0	0	425193	0	0	0	9394702	0
FFQ	47	0	0	1	0	0	0	0	0	0	0	0	0	0	0	151998	0	0	0	0	0	0	14022	0	0	0	0	0	62013	0	0	0	0	430327	0	0	0	9373223	0
FFQ	48	0	0	9	0	0	0	0	0	0	0	0	0	0	0	146447	0	0	0	0	0	0	13779	0	0	0	0	0	60973	0	0	0	0	416362	0	0	0	9388108	0
FFQ	49	0	0	63	0	0	0	0	0	0	0	0	0	0	0	150528	0	0	0	0	0	0	16358	0	0	0	0	0	59936	0	0	0	0	399857	0	0	0	9392862	0
FFQ	50	0	0	3	0	0	0	0	0	0	0	0	0	0	0	162091	0	0	0	0	0	0	20268	0	0	0	0	0	61197	0	0	0	0	408378	0	0	0	9361673	0
FFQ	51	0	0	18	0	0	0	0	0	0	0	0	0	0	0	155082	0	0	0	0	0	0	24448	0	0	0	0	0	76979	0	0	0	0	426284	0	0	0	9324786	0
FFQ	52	0	0	0	0	0	0	0	0	0	0	0	0	0	0	158447	0	0	0	0	0	0	27010	0	0	0	0	0	81313	0	0	0	0	407891	0	0	0	9326570	0
FFQ	53	0	0	2	0	0	0	0	0	0	0	0	0	0	0	157188	0	0	0	0	0	0	33057	0	0	0	0	0	79352	0	0	0	0	380477	0	0	0	9344873	0
FFQ	54	0	0	0	0	0	0	0	0	0	0	0	0	0	0	152620	0	0	0	0	0	0	38289	0	0	0	0	0	88242	0	0	0	0	388769	0	0	0	9320752	0
FFQ	55	0	0	30	0	0	0	0	0	0	0	0	0	0	0	156635	0	0	0	0	0	0	41361	0	0	0	0	0	93498	0	0	0	0	393331	0	0	0	9297413	0
FFQ	56	0	0	7	0	0	0	0	0	0	0	0	0	0	0	155353	0	0	0	0	0	0	49140	0	0	0	0	0	107220	0	0	0	0	410397	0	0	0	9253686	0
FFQ	57	0	0	11	0	0	0	0	0	0	0	0	0	0	0	157604	0	0	0	0	0	0	52925	0	0	0	0	0	110829	0	0	0	0	409033	0	0	0	9238785	0
FFQ	58	0	0	28	0	0	0	0	0	0	0	0	0	0	0	160615	0	0	0	0	0	0	48920	0	0	0	0	0	103507	0	0	0	0	390397	0	0	0	9259355	0
FFQ	59	0	0	17	0	0	0	0	0	0	0	0	0	0	0	152373	0	0	0	0	0	0	54913	0	0	0	0	0	111540	0	0	0	0	381992	0	0	0	9255037	0
FFQ	60	0	0	19	0	0	0	0	0	0	0	0	0	0	0	156310	0	0	0	0	0	0	59724	0	0	0	0	0	118214	0	0	0	0	390187	0	0	0	9224397	0
FFQ	61	0	0	5	0	0	0	0	0	0	0	0	0	0	0	160666	0	0	0	0	0	0	63280	0	0	0	0	0	129486	0	0	0	0	407780	0	0	0	9180420	0
FFQ	62	0	0	2	0	0	0	0	0	0	0	0	0	0	0	168568	0	0	0	0	0	0	69546	0	0	0	0	0	148019	0	0	0	0	448962	0	0	0	9099059	0
FFQ	63	0	0	4	0	0	0	0	0	0	0	0	0	0	0	164795	0	0	0	0	0	0	70689	0	0	0	0	0	149095	0	0	0	0	458271	0	0	0	9083582	0
FFQ	64	0	0	6	0	0	0	0	0	0	0	0	0	0	0	161060	0	0	0	0	0	0	69456	0	0	0	0	0	148318	0	0	0	0	463854	0	0	0	9075793	0
FFQ	65	0	0	3	0	0	0	0	0	0	0	0	0	0	0	165812	0	0	0	0	0	0	69472	0	0	0	0	0	157752	0	0	0	0	500458	0	0	0	9015505	0
FFQ	66	0	0	9	0	0	0	0	0	0	0	0	0	0	0	176054	0	0	0	0	0	0	73378	0	0	0	0	0	168589	0	0	0	0	554602	0	0	0	8927208	0
FFQ	67	0	0	34	0	0	0	0	0	0	0	0	0	0	0	166977	0	0	0	0	0	0	70297	0	0	0	0	0	163172	0	0	0	0	542824	0	0	0	8947143	0
FFQ	68	0	0	0	0	0	0	0	0	0	0	0	0	0	0	178300	0	0	0	0	0	0	69059	0	0	0	0	0	162368	0	0	0	0	558569	0	0	0	8910680	0
FFQ	69	0	0	0	0	0	0	0	0	0	0	0	0	0	0	172463	0	0	0	0	0	0	70278	0	0	0	0	0	165171	0	0	0	0	536443	0	0	0	8924572	0
FFQ	70	0	0	0	0	0	0	0	0	0	0	0	0	0	0	161393	0	0	0	0	0	0	64651	0	0	0	0	0	162735	0	0	0	0	569086	0	0	0	8900017	0
FFQ	71	0	0	6	0	0	0	0	0	0	0	0	0	0	0	175249	0	0	0	0	0	0	69382	0	0	0	0	0	180596	0	0	0	0	644598	0	0	0	8773335	0
FFQ	72	0	0	0	0	0	0	0	0	0	0	0	0	0	0	165044	0	0	0	0	0	0	64492	0	0	0	0	0	169639	0	0	0	0	633936	0	0	0	8784680	0
FFQ	73	0	0	0	0	0	0	0	0	0	0	0	0	0	0	169714	0	0	0	0	0	0	61361	0	0	0	0	0	174231	0	0	0	0	655190	0	0	0	8655937	0
FFQ	74	0	0	0	0	0	0	0	0	0	0	0	0	0	0	139469	0	0	0	0	0	0	63460	0	0	0	0	0	181333	0	0	0	0	697420	0	0	0	8012503	0
FFQ	75	0	0	0	0	0	0	0	0	0	0	0	0	0	0	0	0	0	0	0	0	0	51609	0	0	0	0	0	147545	0	0	0	0	521861	0	0	0	6284040	0
# Last Fragment Qualities. Use `grep ^LFQ | cut -f 2-` to extract this part.
# Columns correspond to qualities and rows to cycles. First column is the cycle number.
LFQ	1	0	0	0	0	0	0	0	0	0	0	0	0	0	0	126091	0	0	0	0	0	0	52486	0	0	0	0	0	958	0	0	0	0	9989144	0	0	0	151	0
LFQ	2	0	0	561	0	0	0	0	0	0	0	0	0	0	0	164325	0	0	0	0	0	0	62051	0	0	0	0	0	2765	0	0	0	0	9938391	0	0	0	737	0
LFQ	3	0	0	64	0	0	0	0	0	0	0	0	0	0	0	141020	0	0	0	0	0	0	59334	0	0	0	0	0	1415	0	0	0	0	9965214	0	0	0	1783	0
LFQ	4	0	0	8	0	0	0	0	0	0	0	0	0	0	0	131677	0	0	0	0	0	0	72153	0	0	0	0	0	1241	0	0	0	0	9958611	0	0	0	5140	0
LFQ	5	0	0	36	0	0	0	0	0	0	0	0	0	0	0	125807	0	0	0	0	0	0	91220	0	0	0	0	0	1513	0	0	0	0	9937048	0	0	0	13206	0
LFQ	6	0	0	2	0	0	0	0	0	0	0	0	0	0	0	136603	0	0	0	0	0	0	92213	0	0	0	0	0	1337	0	0	0	0	336571	0	0	0	9602104	0
LFQ	7	0	0	12	0	0	0	0	0	0	0	0	0	0	0	144103	0	0	0	0	0	0	81570	0	0	0	0	0	922	0	0	0	0	322058	0	0	0	9620165	0
LFQ	8	0	0	0	0	0	0	0	0	0	0	0	0	0	0	157038	0	0	0	0	0	0	83782	0	0	0	0	0	821	0	0	0	0	349463	0	0	0	9577726	0
LFQ	9	0	0	58	0	0	0	0	0	0	0	0	0	0	0	155132	0	0	0	0	0	0	87561	0	0	0	0	0	732	0	0	0	0	337640	0	0	0	9587707	0
LFQ	10	0	0	6	0	0	0	0	0	0	0	0	0	0	0	136408	0	0	0	0	0	0	95202	0	0	0	0	0	790	0	0	0	0	322786	0	0	0	9613638	0
LFQ	11	0	0	18	0	0	0	0	0	0	0	0	0	0	0	160114	0	0	0	0	0	0	79656	0	0	0	0	0	544	0	0	0	0	338599	0	0	0	9589899	0
LFQ	12	0	0	43	0	0	0	0	0	0	0	0	0	0	0	165204	0	0	0	0	0	0	84487	0	0	0	0	0	582	0	0	0	0	346337	0	0	0	9572177	0
LFQ	13	0	0	5	0	0	0	0	0	0	0	0	0	0	0	142906	0	0	0	0	0	0	91650	0	0	0	0	0	775	0	0	0	0	309183	0	0	0	9624311	0
LFQ	14	0	0	9	0	0	0	0	0	0	0	0	0	0	0	141111	0	0	0	0	0	0	101576	0	0	0	0	0	913	0	0	0	0	308401	0	0	0	9616820	0
LFQ	15	0	0	57	0	0	0	0	0	0	0	0	0	0	0	138966	0	0	0	0	0	0	107257	0	0	0	0	0	1026	0	0	0	0	295690	0	0	0	9625834	0
LFQ	16	0	0	62	0	0	0	0	0	0	0	0	0	0	0	146127	0	0	0	0	0	0	105773	0	0	0	0	0	1176	0	0	0	0	305485	0	0	0	9610207	0
LFQ	17	0	0	25	0	0	0	0	0	0	0	0	0	0	0	134712	0	0	0	0	0	0	113855	0	0	0	0	0	1431	0	0	0	0	288685	0	0	0	9630122	0
LFQ	18	0	0	42	0	0	0	0	0	0	0	0	0	0	0	178678	0	0	0	0	0	0	116577	0	0	0	0	0	1138	0	0	0	0	354029	0	0	0	9518366	0
LFQ	19	0	0	50	0	0	0	0	0	0	0	0	0	0	0	155778	0	0	0	0	0	0	113842	0	0	0	0	0	1349	0	0	0	0	327703	0	0	0	9570108	0
LFQ	20	0	0	3	0	0	0	0	0	0	0	0	0	0	0	136902	0	0	0	0	0	0	126994	0	0	0	0	0	1471	0	0	0	0	293084	0	0	0	9610376	0
LFQ	21	0	0	23	0	0	0	0	0	0	0	0	0	0	0	134124	0	0	0	0	0	0	132428	0	0	0	0	0	1647	0	0	0	0	286809	0	0	0	9613799	0
LFQ	22	0	0	31	0	0	0	0	0	0	0	0	0	0	0	143504	0	0	0	0	0	0	129826	0	0	0	0	0	1803	0	0	0	0	296121	0	0	0	9597545	0
LFQ	23	0	0	27	0	0	0	0	0	0	0	0	0	0	0	160205	0	0	0	0	0	0	129968	0	0	0	0	0	2188	0	0	0	0	313855	0	0	0	9562587	0
LFQ	24	0	0	22	0	0	0	0	0	0	0	0	0	0	0	189811	0	0	0	0	0	0	124833	0	0	0	0	0	1768	0	0	0	0	339249	0	0	0	9513147	0
LFQ	25	0	0	61	0	0	0	0	0	0	0	0	0	0	0	184675	0	0	0	0	0	0	127009	0	0	0	0	0	2102	0	0	0	0	337632	0	0	0	9517351	0
LFQ	26	0	0	46	0	0	0	0	0	0	0	0	0	0	0	159974	0	0	0	0	0	0	144266	0	0	0	0	0	2814	0	0	0	0	291920	0	0	0	9556772	0
LFQ	27	0	0	57	0	0	0	0	0	0	0	0	0	0	0	178945	0	0	0	0	0	0	148038	0	0	0	0	0	3113	0	0	0	0	314587	0	0	0	9498200	0
LFQ	28	0	0	21	0	0	0	0	0	0	0	0	0	0	0	193618	0	0	0	0	0	0	126656	0	0	0	0	0	3969	0	0	0	0	320146	0	0	0	9485899	0
LFQ	29	0	0	134	0	0	0	0	0	0	0	0	0	0	0	200677	0	0	0	0	0	0	138062	0	0	0	0	0	4385	0	0	0	0	331210	0	0	0	9443180	0
LFQ	30	0	0	4	0	0	0	0	0	0	0	0	0	0	0	173646	0	0	0	0	0	0	138939	0	0	0	0	0	3822	0	0	0	0	297418	0	0	0	9491924	0
LFQ	31	0	0	25	0	0	0	0	0	0	0	0	0	0	0	168122	0	0	0	0	0	0	148296	0	0	0	0	0	5192	0	0	0	0	287929	0	0	0	9484018	0
LFQ	32	0	0	13	0	0	0	0	0	0	0	0	0	0	0	200639	0	0	0	0	0	0	132487	0	0	0	0	0	4977	0	0	0	0	322291	0	0	0	9420164	0
LFQ	33	0	0	81	0	0	0	0	0	0	0	0	0	0	0	215757	0	0	0	0	0	0	120182	0	0	0	0	0	7318	0	0	0	0	334997	0	0	0	9390593	0
LFQ	34	0	0	48	0	0	0	0	0	0	0	0	0	0	0	210446	0	0	0	0	0	0	121165	0	0	0	0	0	7909	0	0	0	0	333886	0	0	0	9384309	0
LFQ	35	0	0	30	0	0	0	0	0	0	0	0	0	0	0	186739	0	0	0	0	0	0	111421	0	0	0	0	0	7709	0	0	0	0	294608	0	0	0	9445858	0
LFQ	36	0	0	15	0	0	0	0	0	0	0	0	0	0	0	189153	0	0	0	0	0	0	118992	0	0	0	0	0	8326	0	0	0	0	282642	0	0	0	9435412	0
LFQ	37	0	0	42	0	0	0	0	0	0	0	0	0	0	0	201224	0	0	0	0	0	0	107413	0	0	0	0	0	9251	0	0	0	0	292620	0	0	0	9412675	0
LFQ	38	0	0	88	0	0	0	0	0	0	0	0	0	0	0	221419	0	0	0	0	0	0	101438	0	0	0	0	0	11378	0	0	0	0	312552	0	0	0	9364604	0
LFQ	39	0	0	23	0	0	0	0	0	0	0	0	0	0	0	206633	0	0	0	0	0	0	99850	0	0	0	0	0	10413	0	0	0	0	287986	0	0	0	9395607	0
LFQ	40	0	0	12	0	0	0	0	0	0	0	0	0	0	0	227781	0	0	0	0	0	0	97286	0	0	0	0	0	11814	0	0	0	0	319377	0	0	0	9332792	0
LFQ	41	0	0	24	0	0	0	0	0	0	0	0	0	0	0	180120	0	0	0	0	0	0	100707	0	0	0	0	0	8253	0	0	0	0	264818	0	0	0	9425556	0
LFQ	42	0	0	62	0	0	0	0	0	0	0	0	0	0	0	198318	0	0	0	0	0	0	88845	0	0	0	0	0	11104	0	0	0	0	282143	0	0	0	9388419	0
LFQ	43	0	0	9	0	0	0	0	0	0	0	0	0	0	0	174758	0	0	0	0	0	0	85908	0	0	0	0	0	10771	0	0	0	0	260780	0	0	0	9426603	0
LFQ	44	0	0	44	0	0	0	0	0	0	0	0	0	0	0	209034	0	0	0	0	0	0	81011	0	0	0	0	0	11463	0	0	0	0	288499	0	0	0	9356818	0
LFQ	45	0	0	18	0	0	0	0	0	0	0	0	0	0	0	231998	0	0	0	0	0	0	82009	0	0	0	0	0	15262	0	0	0	0	312812	0	0	0	9292394	0
LFQ	46	0	0	62	0	0	0	0	0	0	0	0	0	0	0	244212	0	0	0	0	0	0	70489	0	0	0	0	0	17791	0	0	0	0	329120	0	0	0	9260349	0
LFQ	47	0	0	3	0	0	0	0	0	0	0	0	0	0	0	248698	0	0	0	0	0	0	67455	0	0	0	0	0	17601	0	0	0	0	328800	0	0	0	9247058	0
LFQ	48	0	0	13	0	0	0	0	0	0	0	0	0	0	0	237369	0	0	0	0	0	0	79076	0	0	0	0	0	11834	0	0	0	0	311217	0	0	0	9258814	0
LFQ	49	0	0	62	0	0	0	0	0	0	0	0	0	0	0	214480	0	0	0	0	0	0	71349	0	0	0	0	0	11640	0	0	0	0	289123	0	0	0	9300159	0
LFQ	50	0	0	26	0	0	0	0	0	0	0	0	0	0	0	210135	0	0	0	0	0	0	73865	0	0	0	0	0	9545	0	0	0	0	277142	0	0	0	9304993	0
LFQ	51	0	0	73	0	0	0	0	0	0	0	0	0	0	0	224062	0	0	0	0	0	0	67026	0	0	0	0	0	12728	0	0	0	0	282812	0	0	0	9277905	0
LFQ	52	0	0	95	0	0	0	0	0	0	0	0	0	0	0	231807	0	0	0	0	0	0	72363	0	0	0	0	0	13988	0	0	0	0	290160	0	0	0	9245488	0
LFQ	53	0	0	135	0	0	0	0	0	0	0	0	0	0	0	246163	0	0	0	0	0	0	58102	0	0	0	0	0	15115	0	0	0	0	310742	0	0	0	9212141	0
LFQ	54	0	0	77	0	0	0	0	0	0	0	0	0	0	0	246030	0	0	0	0	0	0	48577	0	0	0	0	0	17453	0	0	0	0	322318	0	0	0	9196873	0
LFQ	55	0	0	107	0	0	0	0	0	0	0	0	0	0	0	248528	0	0	0	0	0	0	56506	0	0	0	0	0	14094	0	0	0	0	309550	0	0	0	9191736	0
LFQ	56	0	0	100	0	0	0	0	0	0	0	0	0	0	0	239107	0	0	0	0	0	0	59540	0	0	0	0	0	11155	0	0	0	0	296876	0	0	0	9203526	0
LFQ	57	0	0	37	0	0	0	0	0	0	0	0	0	0	0	204621	0	0	0	0	0	0	63700	0	0	0	0	0	10608	0	0	0	0	262676	0	0	0	9258107	0
LFQ	58	0	0	98	0	0	0	0	0	0	0	0	0	0	0	231948	0	0	0	0	0	0	55136	0	0	0	0	0	15655	0	0	0	0	291080	0	0	0	9195594	0
LFQ	59	0	0	53	0	0	0	0	0	0	0	0	0	0	0	244781	0	0	0	0	0	0	50902	0	0	0	0	0	20622	0	0	0	0	304165	0	0	0	9158076	0
LFQ	60	0	0	37	0	0	0	0	0	0	0	0	0	0	0	244305	0	0	0	0	0	0	49115	0	0	0	0	0	21551	0	0	0	0	302482	0	0	0	9149961	0
LFQ	61	0	0	38	0	0	0	0	0	0	0	0	0	0	0	230731	0	0	0	0	0	0	45792	0	0	0	0	0	18529	0	0	0	0	284972	0	0	0	9175784	0
LFQ	62	0	0	45	0	0	0	0	0	0	0	0	0	0	0	256208	0	0	0	0	0	0	45948	0	0	0	0	0	22807	0	0	0	0	310790	0	0	0	9108557	0
LFQ	63	0	0	29	0	0	0	0	0	0	0	0	0	0	0	223545	0	0	0	0	0	0	49806	0	0	0	0	0	17500	0	0	0	0	267739	0	0	0	9174855	0
LFQ	64	0	0	49	0	0	0	0	0	0	0	0	0	0	0	240859	0	0	0	0	0	0	55493	0	0	0	0	0	25001	0	0	0	0	282500	0	0	0	9118468	0
LFQ	65	0	0	103	0	0	0	0	0	0	0	0	0	0	0	221535	0	0	0	0	0	0	62349	0	0	0	0	0	28524	0	0	0	0	272137	0	0	0	9127210	0
LFQ	66	0	0	66	0	0	0	0	0	0	0	0	0	0	0	227886	0	0	0	0	0	0	54767	0	0	0	0	0	24511	0	0	0	0	274686	0	0	0	9119061	0
LFQ	67	0	0	33	0	0	0	0	0	0	0	0	0	0	0	237493	0	0	0	0	0	0	51466	0	0	0	0	0	23993	0	0	0	0	276395	0	0	0	9100890	0
LFQ	68	0	0	29	0	0	0	0	0	0	0	0	0	0	0	237243	0	0	0	0	0	0	50403	0	0	0	0	0	27217	0	0	0	0	286492	0	0	0	9078424	0
LFQ	69	0	0	39	0	0	0	0	0	0	0	0	0	0	0	236140	0	0	0	0	0	0	50083	0	0	0	0	0	30560	0	0	0	0	305668	0	0	0	9045967	0
LFQ	70	0	0	93	0	0	0	0	0	0	0	0	0	0	0	243647	0	0	0	0	0	0	52253	0	0	0	0	0	40305	0	0	0	0	316812	0	0	0	9001378	0
LFQ	71	0	0	75	0	0	0	0	0	0	0	0	0	0	0	245125	0	0	0	0	0	0	45437	0	0	0	0	0	40169	0	0	0	0	327014	0	0	0	8971258	0
LFQ	72	0	0	48	0	0	0	0	0	0	0	0	0	0	0	220211	0	0	0	0	0	0	40707	0	0	0	0	0	28731	0	0	0	0	295691	0	0	0	9016673	0
LFQ	73	0	0	51	0	0	0	0	0	0	0	0	0	0	0	210119	0	0	0	0	0	0	40723	0	0	0	0	0	36386	0	0	0	0	334272	0	0	0	8842844	0
LFQ	74	0	0	68	0	0	0	0	0	0	0	0	0	0	0	151088	0	0	0	0	0	0	34655	0	0	0	0	0	38138	0	0	0	0	294605	0	0	0	8144954	0
LFQ	75	0	0	0	0	0	0	0	0	0	0	0	0	0	0	0	0	0	0	0	0	0	22732	0	0	0	0	0	27182	0	0	0	0	186678	0	0	0	6646589	0
# GC Content of first fragments. Use `grep ^GCF | cut -f 2-` to extract this part.
GCF	1.26	2
GCF	3.02	6
GCF	4.27	2
GCF	5.28	13
GCF	6.03	14
GCF	6.78	12
GCF	7.29	13
GCF	7.79	12
GCF	8.29	14
GCF	8.79	13
GCF	9.30	21
GCF	9.80	26
GCF	10.30	27
GCF	10.80	35
GCF	11.31	36
GCF	11.81	30
GCF	12.31	32
GCF	12.81	34
GCF	13.57	44
GCF	14.57	40
GCF	15.33	42
GCF	15.83	39
GCF	16.33	42
GCF	16.83	40
GCF	17.34	41
GCF	17.84	42
GCF	18.34	45
GCF	18.84	48
GCF	19.35	41
GCF	19.85	44
GCF	20.60	52
GCF	21.36	54
GCF	21.86	53
GCF	22.36	50
GCF	22.86	77
GCF	23.37	72
GCF	23.87	80
GCF	24.37	70
GCF	24.87	74
GCF	25.38	57
GCF	25.88	61
GCF	26.38	62
GCF	26.88	91
GCF	27.39	95
GCF	27.89	92
GCF	28.39	95
GCF	28.89	98
GCF	29.40	85
GCF	29.90	90
GCF	30.40	96
GCF	30.90	102
GCF	31.41	108
GCF	31.91	121
GCF	32.41	116
GCF	32.91	120
GCF	33.42	114
GCF	33.92	119
GCF	34.42	131
GCF	34.92	138
GCF	35.43	153
GCF	35.93	189
GCF	36.43	193
GCF	36.93	206
GCF	37.44	215
GCF	37.94	230
GCF	38.44	252
GCF	38.94	251
GCF	39.45	277
GCF	39.95	405
GCF	40.45	440
GCF	40.95	514
GCF	41.46	586
GCF	41.96	660
GCF	42.46	835
GCF	42.96	994
GCF	43.47	1081
GCF	43.97	1728
GCF	44.47	2210
GCF	44.97	2558
GCF	45.48	4650
GCF	45.98	5533
GCF	46.48	6751
GCF	46.98	7711
GCF	47.49	8487
GCF	47.99	17245
GCF	48.49	21582
GCF	48.99	22554
GCF	49.50	40151
GCF	50.00	58712
GCF	50.50	320161
GCF	51.01	321713
GCF	51.51	364373
GCF	52.01	466411
GCF	52.51	516349
GCF	53.02	517507
GCF	53.52	487803
GCF	54.02	633110
GCF	54.52	678123
GCF	55.03	587503
GCF	55.53	437538
GCF	56.03	536668
GCF	56.53	726428
GCF	57.04	728057
GCF	57.54	993243
GCF	58.04	886877
GCF	58.54	1024631
GCF	59.05	1034474
GCF	59.55	1185663
GCF	60.05	1307803
GCF	60.55	1308681
GCF	61.06	1161307
GCF	61.56	1134950
GCF	62.06	1061806
GCF	62.56	715643
GCF	63.07	567768
GCF	63.57	627956
GCF	64.07	639766
GCF	64.57	643040
GCF	65.08	590271
GCF	65.58	477919
GCF	66.08	434906
GCF	66.58	353409
GCF	67.09	353430
GCF	67.59	325455
GCF	68.09	256825
GCF	68.59	251761
GCF	69.10	241283
GCF	69.60	239750
GCF	70.10	235757
GCF	70.60	209156
GCF	71.11	207209
GCF	71.61	199754
GCF	72.11	180560
GCF	72.61	179116
GCF	73.12	150683
GCF	73.62	150282
GCF	74.12	141542
GCF	74.62	119202
GCF	75.13	116928
GCF	75.63	111995
GCF	76.13	85645
GCF	76.63	82876
GCF	77.14	61041
GCF	77.64	60537
GCF	78.14	56969
GCF	78.64	42183
GCF	79.15	41519
GCF	79.65	38307
GCF	80.15	26980
GCF	80.65	25451
GCF	81.16	16119
GCF	81.66	15713
GCF	82.16	15010
GCF	82.66	9462
GCF	83.17	9060
GCF	83.67	8361
GCF	84.17	6164
GCF	84.67	5914
GCF	85.18	3657
GCF	85.68	3492
GCF	86.18	3267
GCF	86.68	2619
GCF	87.19	2506
GCF	87.69	2173
GCF	88.19	1551
GCF	88.69	1356
GCF	89.20	957
GCF	89.70	896
GCF	90.20	794
GCF	90.70	682
GCF	91.21	630
GCF	91.71	584
GCF	92.21	478
GCF	92.71	391
GCF	93.22	303
GCF	93.72	224
GCF	94.22	206
GCF	94.72	188
GCF	95.23	171
GCF	95.73	167
GCF	96.23	186
GCF	96.73	198
GCF	97.24	200
GCF	97.74	209
GCF	98.24	217
GCF	99.25	264
# GC Content of last fragments. Use `grep ^GCL | cut -f 2-` to extract this part.
GCL	0.75	1
GCL	3.77	0
GCL	7.54	2
GCL	9.55	0
GCL	10.30	1
GCL	10.80	2
GCL	11.81	3
GCL	13.07	2
GCL	13.82	1
GCL	14.32	2
GCL	14.82	3
GCL	15.58	4
GCL	16.58	1
GCL	17.59	3
GCL	18.34	4
GCL	18.84	3
GCL	19.35	5
GCL	19.85	10
GCL	20.60	18
GCL	21.36	13
GCL	21.86	4
GCL	22.36	6
GCL	22.86	16
GCL	23.37	17
GCL	23.87	31
GCL	24.37	26
GCL	24.87	32
GCL	25.38	35
GCL	25.88	40
GCL	26.38	37
GCL	26.88	50
GCL	27.64	51
GCL	28.39	58
GCL	28.89	71
GCL	29.40	101
GCL	29.90	102
GCL	30.40	108
GCL	30.90	128
GCL	31.41	147
GCL	31.91	160
GCL	32.66	168
GCL	33.42	185
GCL	33.92	204
GCL	34.42	201
GCL	34.92	214
GCL	35.43	220
GCL	35.93	283
GCL	36.43	338
GCL	36.93	385
GCL	37.44	425
GCL	37.94	544
GCL	38.44	702
GCL	38.94	849
GCL	39.45	1108
GCL	39.95	1178
GCL	40.45	1190
GCL	40.95	1332
GCL	41.46	1335
GCL	41.96	1200
GCL	42.46	1472
GCL	42.96	1770
GCL	43.47	1966
GCL	43.97	2779
GCL	44.47	3325
GCL	44.97	3874
GCL	45.48	4865
GCL	45.98	5669
GCL	46.48	8588
GCL	46.98	9335
GCL	47.49	11628
GCL	47.99	28116
GCL	48.49	35658
GCL	48.99	37315
GCL	49.50	61200
GCL	50.00	77746
GCL	50.50	110247
GCL	51.01	113481
GCL	51.51	125512
GCL	52.01	122714
GCL	52.51	146355
GCL	53.02	151950
GCL	53.52	347649
GCL	54.02	370328
GCL	54.52	550302
GCL	55.03	562817
GCL	55.53	675007
GCL	56.03	1030003
GCL	56.53	1062128
GCL	57.04	1063732
GCL	57.54	1355120
GCL	58.04	1461747
GCL	58.54	1333805
GCL	59.05	1194297
GCL	59.55	1085352
GCL	60.05	1251016
GCL	60.55	1248367
GCL	61.06	1155130
GCL	61.56	912818
GCL	62.06	894528
GCL	62.56	584239
GCL	63.07	534333
GCL	63.57	510516
GCL	64.07	691394
GCL	64.57	723282
GCL	65.08	679215
GCL	65.58	406945
GCL	66.08	441790
GCL	66.58	372681
GCL	67.09	366314
GCL	67.59	322632
GCL	68.09	264645
GCL	68.59	261538
GCL	69.10	233676
GCL	69.60	232148
GCL	70.10	230521
GCL	70.60	210558
GCL	71.11	210341
GCL	71.61	200765
GCL	72.11	188065
GCL	72.61	184745
GCL	73.12	161981
GCL	73.62	159907
GCL	74.12	152050
GCL	74.62	128136
GCL	75.13	124676
GCL	75.63	116038
GCL	76.13	95926
GCL	76.63	92958
GCL	77.14	75970
GCL	77.64	75057
GCL	78.14	69857
GCL	78.64	42533
GCL	79.15	41952
GCL	79.65	38640
GCL	80.15	28594
GCL	80.65	27646
GCL	81.16	18522
GCL	81.66	17878
GCL	82.16	16728
GCL	82.66	11760
GCL	83.17	11272
GCL	83.67	10224
GCL	84.17	6567
GCL	84.67	6067
GCL	85.18	3726
GCL	85.68	3557
GCL	86.18	3313
GCL	86.68	2257
GCL	87.19	2169
GCL	87.69	1852
GCL	88.19	1296
GCL	88.69	1146
GCL	89.20	816
GCL	89.70	727
GCL	90.20	650
GCL	90.70	572
GCL	91.21	511
GCL	91.71	487
GCL	92.21	397
GCL	92.71	338
GCL	93.22	313
GCL	93.72	298
GCL	94.47	288
GCL	95.23	280
GCL	95.73	282
GCL	96.23	335
GCL	96.73	391
GCL	97.24	443
GCL	97.74	499
GCL	98.24	530
GCL	99.25	554
# ACGT content per cycle. Use `grep ^GCC | cut -f 2-` to extract this part. The columns are: cycle; A,C,G,T base counts as a percentage of all A/C/G/T bases [%]; and N and O counts as a percentage of all A/C/G/T bases [%]
GCC	1	9.40	40.27	41.19	9.15	0.00	0.00
GCC	2	19.22	30.42	32.50	17.85	0.00	0.00
GCC	3	17.05	32.31	34.34	16.30	0.00	0.00
GCC	4	19.71	30.59	30.86	18.85	0.00	0.00
GCC	5	20.26	29.46	29.87	20.41	0.00	0.00
GCC	6	22.68	27.15	27.61	22.55	0.01	0.00
GCC	7	23.36	26.21	26.70	23.72	0.00	0.00
GCC	8	21.34	28.54	29.41	20.71	0.00	0.00
GCC	9	21.64	28.39	29.17	20.80	0.00	0.00
GCC	10	22.99	27.37	27.38	22.26	0.00	0.00
GCC	11	18.37	31.40	31.76	18.46	0.00	0.00
GCC	12	18.86	31.10	31.42	18.62	0.00	0.00
GCC	13	18.91	31.14	31.93	18.02	0.00	0.00
GCC	14	21.12	29.18	29.83	19.87	0.00	0.00
GCC	15	20.24	29.65	30.83	19.28	0.00	0.00
GCC	16	20.82	29.24	30.10	19.84	0.00	0.00
GCC	17	20.84	28.89	30.26	20.01	0.00	0.00
GCC	18	20.45	28.95	30.78	19.82	0.00	0.00
GCC	19	20.08	29.53	30.81	19.57	0.00	0.00
GCC	20	20.80	29.25	30.06	19.89	0.00	0.00
GCC	21	21.04	28.94	29.92	20.11	0.00	0.00
GCC	22	20.82	29.02	30.21	19.95	0.00	0.00
GCC	23	20.21	29.62	31.08	19.08	0.00	0.00
GCC	24	20.38	30.11	30.42	19.09	0.00	0.00
GCC	25	19.89	30.41	31.02	18.68	0.00	0.00
GCC	26	20.39	29.76	30.49	19.36	0.00	0.00
GCC	27	20.34	29.52	30.55	19.59	0.00	0.00
GCC	28	21.25	28.57	29.93	20.26	0.00	0.00
GCC	29	18.07	31.31	33.41	17.21	0.00	0.00
GCC	30	19.80	29.53	31.56	19.11	0.00	0.00
GCC	31	18.40	31.24	32.63	17.73	0.00	0.00
GCC	32	18.16	31.44	33.32	17.08	0.00	0.00
GCC	33	19.30	30.46	31.84	18.39	0.00	0.00
GCC	34	19.71	29.61	31.42	19.27	0.00	0.00
GCC	35	21.46	28.81	29.39	20.34	0.00	0.00
GCC	36	21.32	29.01	29.46	20.21	0.00	0.00
GCC	37	19.62	30.39	30.85	19.14	0.00	0.00
GCC	38	20.41	29.70	29.95	19.94	0.00	0.00
GCC	39	21.30	28.99	29.10	20.61	0.00	0.00
GCC	40	20.29	29.94	30.46	19.31	0.00	0.00
GCC	41	21.07	29.37	30.39	19.17	0.00	0.00
GCC	42	19.81	30.23	31.27	18.69	0.00	0.00
GCC	43	21.74	28.96	29.29	20.01	0.00	0.00
GCC	44	21.22	28.51	30.05	20.22	0.00	0.00
GCC	45	20.11	30.27	30.74	18.88	0.00	0.00
GCC	46	20.04	30.14	30.56	19.26	0.00	0.00
GCC	47	19.57	30.09	31.19	19.15	0.00	0.00
GCC	48	20.61	29.46	30.60	19.32	0.00	0.00
GCC	49	20.70	28.59	30.24	20.47	0.00	0.00
GCC	50	21.39	28.53	29.59	20.49	0.00	0.00
GCC	51	19.51	30.29	31.71	18.48	0.00	0.00
GCC	52	21.37	28.94	29.35	20.34	0.00	0.00
GCC	53	20.32	29.78	30.25	19.65	0.00	0.00
GCC	54	19.17	30.64	31.79	18.40	0.00	0.00
GCC	55	19.71	30.04	31.19	19.06	0.00	0.00
GCC	56	21.54	28.81	29.41	20.24	0.00	0.00
GCC	57	20.28	29.23	30.47	20.02	0.00	0.00
GCC	58	20.56	29.37	30.56	19.51	0.00	0.00
GCC	59	18.46	31.26	32.36	17.92	0.00	0.00
GCC	60	19.27	30.50	31.36	18.87	0.00	0.00
GCC	61	19.41	29.93	31.66	19.00	0.00	0.00
GCC	62	19.34	30.75	31.59	18.32	0.00	0.00
GCC	63	20.66	29.45	30.19	19.71	0.00	0.00
GCC	64	20.45	29.50	30.57	19.49	0.00	0.00
GCC	65	18.97	30.65	32.00	18.38	0.00	0.00
GCC	66	19.70	30.29	30.65	19.36	0.00	0.00
GCC	67	21.03	29.04	29.52	20.41	0.00	0.00
GCC	68	20.14	29.47	30.17	20.22	0.00	0.00
GCC	69	20.00	30.01	31.32	18.67	0.00	0.00
GCC	70	19.74	30.07	31.28	18.91	0.00	0.00
GCC	71	19.73	30.00	31.61	18.67	0.00	0.00
GCC	72	20.04	29.30	31.06	19.61	0.00	0.00
GCC	73	20.71	28.82	30.01	20.47	0.00	0.00
GCC	74	19.19	30.97	31.39	18.44	0.00	0.00
GCC	75	14.87	35.29	35.75	14.08	0.00	0.00
# ACGT content per cycle, read oriented. Use `grep ^GCT | cut -f 2-` to extract this part. The columns are: cycle; A,C,G,T base counts as a percentage of all A/C/G/T bases [%]
GCT	1	8.96	42.62	38.84	9.58
GCT	2	11.30	30.37	32.56	25.77
GCT	3	12.92	37.05	29.60	20.43
GCT	4	18.47	29.26	32.19	20.09
GCT	5	22.50	24.73	34.60	18.17
GCT	6	27.99	24.84	29.92	17.25
GCT	7	19.69	24.67	28.24	27.39
GCT	8	17.47	32.12	25.83	24.58
GCT	9	19.05	29.35	28.20	23.40
GCT	10	27.70	26.08	28.68	17.54
GCT	11	18.61	33.92	29.24	18.22
GCT	12	17.96	31.46	31.06	19.52
GCT	13	17.54	32.41	30.66	19.39
GCT	14	18.38	30.03	28.98	22.62
GCT	15	18.52	29.22	31.26	21.00
GCT	16	18.56	28.02	31.32	22.10
GCT	17	19.87	27.60	31.56	20.98
GCT	18	18.33	28.05	31.69	21.93
GCT	19	20.20	27.57	32.78	19.46
GCT	20	21.52	28.16	31.15	19.16
GCT	21	21.33	29.25	29.61	19.81
GCT	22	20.73	29.32	29.91	20.04
GCT	23	20.99	31.88	28.82	18.31
GCT	24	19.59	30.98	29.55	19.88
GCT	25	18.11	30.38	31.05	20.47
GCT	26	20.48	29.47	30.78	19.27
GCT	27	21.42	29.43	30.65	18.51
GCT	28	21.90	30.75	27.74	19.60
GCT	29	19.25	35.09	29.63	16.03
GCT	30	20.86	31.77	29.32	18.04
GCT	31	18.38	30.65	33.22	17.75
GCT	32	18.59	30.65	34.11	16.64
GCT	33	21.28	29.40	32.91	16.42
GCT	34	21.71	29.17	31.85	17.26
GCT	35	21.04	28.47	29.73	20.76
GCT	36	20.08	25.60	32.87	21.45
GCT	37	18.86	30.81	30.44	19.89
GCT	38	20.47	30.77	28.88	19.88
GCT	39	19.29	29.42	28.67	22.62
GCT	40	19.27	29.40	31.00	20.34
GCT	41	20.84	27.50	32.27	19.39
GCT	42	18.30	28.29	33.20	20.20
GCT	43	22.29	28.59	29.66	19.46
GCT	44	19.21	27.65	30.91	22.23
GCT	45	20.43	30.45	30.57	18.56
GCT	46	20.15	30.86	29.83	19.16
GCT	47	17.66	31.33	29.95	21.06
GCT	48	19.12	30.38	29.69	20.82
GCT	49	19.07	29.42	29.41	22.10
GCT	50	20.50	28.81	29.32	21.37
GCT	51	18.06	30.74	31.27	19.93
GCT	52	21.05	28.26	30.03	20.66
GCT	53	20.59	28.20	31.83	19.37
GCT	54	18.65	30.82	31.62	18.92
GCT	55	19.67	30.40	30.83	19.10
GCT	56	21.67	28.91	29.31	20.11
GCT	57	21.45	29.15	30.55	18.85
GCT	58	21.57	31.36	28.57	18.50
GCT	59	18.12	33.91	29.70	18.27
GCT	60	19.50	31.68	30.17	18.65
GCT	61	19.48	32.05	29.54	18.93
GCT	62	17.66	31.48	30.87	20.00
GCT	63	18.79	30.95	28.68	21.58
GCT	64	19.50	31.14	28.92	20.44
GCT	65	17.81	31.68	30.96	19.54
GCT	66	18.86	32.42	28.52	20.20
GCT	67	19.88	28.14	30.43	21.55
GCT	68	20.17	29.26	30.38	20.19
GCT	69	19.54	29.56	31.77	19.13
GCT	70	18.42	28.90	32.45	20.23
GCT	71	18.25	30.68	30.93	20.15
GCT	72	20.43	30.95	29.41	19.21
GCT	73	17.38	27.94	30.89	23.80
GCT	74	13.47	32.76	29.61	24.17
GCT	75	0.00	41.75	29.30	28.95
# ACGT content per cycle for first fragments. Use `grep ^FBC | cut -f 2-` to extract this part. The columns are: cycle; A,C,G,T base counts as a percentage of all A/C/G/T bases [%]; and N and O counts as a percentage of all A/C/G/T bases [%]
FBC	1	6.87	42.54	44.20	6.39	0.00	0.00
FBC	2	19.78	31.43	32.72	16.07	0.00	0.00
FBC	3	16.77	32.93	35.16	15.14	0.00	0.00
FBC	4	18.61	32.18	31.41	17.80	0.00	0.00
FBC	5	20.34	29.98	28.32	21.36	0.00	0.00
FBC	6	21.65	27.61	27.41	23.33	0.02	0.00
FBC	7	26.73	23.57	23.63	26.07	0.00	0.00
FBC	8	23.71	26.06	27.98	22.25	0.00	0.00
FBC	9	23.00	27.33	27.61	22.06	0.00	0.00
FBC	10	23.55	26.36	25.82	24.28	0.00	0.00
FBC	11	18.68	30.45	31.09	19.77	0.00	0.00
FBC	12	19.14	31.38	30.80	18.68	0.00	0.00
FBC	13	19.86	30.04	31.16	18.93	0.00	0.00
FBC	14	21.27	29.11	30.13	19.49	0.00	0.00
FBC	15	20.17	30.28	31.05	18.51	0.00	0.00
FBC	16	19.70	30.71	31.04	18.55	0.00	0.00
FBC	17	20.85	29.38	30.39	19.38	0.00	0.00
FBC	18	22.07	28.11	29.42	20.39	0.00	0.00
FBC	19	20.08	30.07	30.35	19.49	0.00	0.00
FBC	20	21.08	29.12	29.43	20.37	0.00	0.00
FBC	21	21.28	28.63	29.23	20.86	0.00	0.00
FBC	22	21.18	28.55	29.33	20.95	0.00	0.00
FBC	23	20.62	28.46	30.67	20.25	0.00	0.00
FBC	24	21.85	28.74	28.63	20.78	0.00	0.00
FBC	25	21.21	29.20	29.74	19.85	0.00	0.00
FBC	26	19.76	30.28	30.39	19.57	0.00	0.00
FBC	27	19.81	30.00	30.44	19.75	0.00	0.00
FBC	28	21.42	28.41	29.46	20.71	0.00	0.00
FBC	29	17.80	31.22	33.45	17.53	0.00	0.00
FBC	30	18.93	30.10	32.02	18.96	0.00	0.00
FBC	31	16.32	33.35	33.83	16.50	0.00	0.00
FBC	32	16.95	32.18	34.19	16.69	0.00	0.00
FBC	33	18.65	31.21	31.70	18.44	0.00	0.00
FBC	34	18.00	31.12	32.51	18.37	0.00	0.00
FBC	35	20.87	29.38	29.76	20.00	0.00	0.00
FBC	36	20.81	30.07	28.95	20.17	0.00	0.00
FBC	37	19.57	30.48	30.47	19.49	0.00	0.00
FBC	38	23.00	27.10	27.29	22.61	0.00	0.00
FBC	39	22.70	27.63	28.09	21.58	0.00	0.00
FBC	40	21.33	29.25	29.53	19.89	0.00	0.00
FBC	41	20.59	30.52	30.30	18.59	0.00	0.00
FBC	42	18.50	32.03	32.35	17.12	0.00	0.00
FBC	43	21.22	29.89	29.23	19.66	0.00	0.00
FBC	44	20.60	29.43	30.51	19.46	0.00	0.00
FBC	45	19.46	30.68	30.91	18.95	0.00	0.00
FBC	46	20.14	30.47	29.96	19.43	0.00	0.00
FBC	47	20.44	29.34	30.39	19.83	0.00	0.00
FBC	48	20.47	29.81	30.66	19.06	0.00	0.00
FBC	49	20.95	28.48	30.21	20.35	0.00	0.00
FBC	50	22.60	27.45	28.94	21.01	0.00	0.00
FBC	51	19.90	30.36	31.46	18.28	0.00	0.00
FBC	52	22.28	28.06	27.89	21.76	0.00	0.00
FBC	53	21.44	29.13	28.25	21.18	0.00	0.00
FBC	54	19.55	30.91	31.26	18.28	0.00	0.00
FBC	55	18.93	30.57	31.77	18.73	0.00	0.00
FBC	56	20.87	29.80	30.01	19.32	0.00	0.00
FBC	57	20.45	29.14	30.50	19.91	0.00	0.00
FBC	58	20.00	29.86	31.63	18.51	0.00	0.00
FBC	59	19.22	30.79	32.19	17.80	0.00	0.00
FBC	60	19.53	30.29	31.20	18.98	0.00	0.00
FBC	61	20.77	28.36	30.95	19.91	0.00	0.00
FBC	62	20.44	30.14	30.59	18.84	0.00	0.00
FBC	63	20.10	29.96	31.01	18.93	0.00	0.00
FBC	64	19.93	29.53	30.96	19.58	0.00	0.00
FBC	65	19.27	30.12	32.08	18.54	0.00	0.00
FBC	66	19.10	30.50	31.47	18.93	0.00	0.00
FBC	67	21.55	28.68	28.65	21.12	0.00	0.00
FBC	68	20.15	29.48	29.64	20.73	0.00	0.00
FBC	69	19.08	31.14	31.94	17.85	0.00	0.00
FBC	70	18.83	31.56	32.12	17.49	0.00	0.00
FBC	71	18.80	31.07	32.84	17.29	0.00	0.00
FBC	72	19.71	29.17	31.58	19.54	0.00	0.00
FBC	73	20.54	29.38	31.00	19.08	0.00	0.00
FBC	74	20.47	30.20	31.27	18.06	0.00	0.00
FBC	75	18.63	32.81	35.35	13.21	0.00	0.00
# ACGT raw counters for first fragments. Use `grep ^FTC | cut -f 2-` to extract this part. The columns are: A,C,G,T,N base counters
FTC	151235053	224417029	230030708	144994973	4822
# ACGT content per cycle for last fragments. Use `grep ^LBC | cut -f 2-` to extract this part. The columns are: cycle; A,C,G,T base counts as a percentage of all A/C/G/T bases [%]; and N and O counts as a percentage of all A/C/G/T bases [%]
LBC	1	11.92	38.00	38.17	11.90	0.00	0.00
LBC	2	18.67	29.42	32.29	19.62	0.01	0.00
LBC	3	17.32	31.69	33.53	17.46	0.00	0.00
LBC	4	20.80	28.99	30.31	19.90	0.00	0.00
LBC	5	20.19	28.95	31.41	19.45	0.00	0.00
LBC	6	23.72	26.70	27.81	21.77	0.00	0.00
LBC	7	19.99	28.86	29.78	21.38	0.00	0.00
LBC	8	18.97	31.02	30.84	19.16	0.00	0.00
LBC	9	20.29	29.44	30.72	19.55	0.00	0.00
LBC	10	22.43	28.39	28.94	20.23	0.00	0.00
LBC	11	18.06	32.35	32.43	17.16	0.00	0.00
LBC	12	18.59	30.82	32.04	18.55	0.00	0.00
LBC	13	17.96	32.24	32.70	17.10	0.00	0.00
LBC	14	20.97	29.25	29.52	20.26	0.00	0.00
LBC	15	20.32	29.01	30.62	20.05	0.00	0.00
LBC	16	21.94	27.77	29.15	21.13	0.00	0.00
LBC	17	20.82	28.41	30.13	20.64	0.00	0.00
LBC	18	18.83	29.79	32.14	19.24	0.00	0.00
LBC	19	20.08	28.99	31.27	19.66	0.00	0.00
LBC	20	20.52	29.38	30.69	19.41	0.00	0.00
LBC	21	20.79	29.24	30.61	19.36	0.00	0.00
LBC	22	20.46	29.49	31.09	18.96	0.00	0.00
LBC	23	19.81	30.79	31.49	17.92	0.00	0.00
LBC	24	18.92	31.48	32.21	17.39	0.00	0.00
LBC	25	18.57	31.62	32.29	17.52	0.00	0.00
LBC	26	21.02	29.25	30.58	19.16	0.00	0.00
LBC	27	20.87	29.05	30.66	19.42	0.00	0.00
LBC	28	21.07	28.72	30.40	19.81	0.00	0.00
LBC	29	18.35	31.40	33.36	16.88	0.00	0.00
LBC	30	20.67	28.96	31.11	19.26	0.00	0.00
LBC	31	20.50	29.13	31.41	18.96	0.00	0.00
LBC	32	19.37	30.71	32.45	17.47	0.00	0.00
LBC	33	19.96	29.70	31.99	18.35	0.00	0.00
LBC	34	21.43	28.09	30.32	20.16	0.00	0.00
LBC	35	22.06	28.24	29.02	20.68	0.00	0.00
LBC	36	21.84	27.94	29.98	20.24	0.00	0.00
LBC	37	19.66	30.31	31.23	18.79	0.00	0.00
LBC	38	17.80	32.32	32.63	17.24	0.00	0.00
LBC	39	19.89	30.35	30.13	19.63	0.00	0.00
LBC	40	19.25	30.63	31.39	18.74	0.00	0.00
LBC	41	21.55	28.21	30.48	19.76	0.00	0.00
LBC	42	21.14	28.42	30.18	20.27	0.00	0.00
LBC	43	22.26	28.03	29.34	20.37	0.00	0.00
LBC	44	21.84	27.59	29.58	20.99	0.00	0.00
LBC	45	20.77	29.86	30.57	18.80	0.00	0.00
LBC	46	19.95	29.80	31.16	19.09	0.00	0.00
LBC	47	18.68	30.85	31.99	18.47	0.00	0.00
LBC	48	20.76	29.12	30.54	19.59	0.00	0.00
LBC	49	20.44	28.70	30.27	20.59	0.00	0.00
LBC	50	20.16	29.63	30.25	19.95	0.00	0.00
LBC	51	19.11	30.23	31.98	18.69	0.00	0.00
LBC	52	20.45	29.84	30.82	18.89	0.00	0.00
LBC	53	19.18	30.44	32.28	18.10	0.00	0.00
LBC	54	18.79	30.38	32.32	18.51	0.00	0.00
LBC	55	20.50	29.50	30.61	19.39	0.00	0.00
LBC	56	22.22	27.81	28.80	21.17	0.00	0.00
LBC	57	20.11	29.32	30.45	20.12	0.00	0.00
LBC	58	21.14	28.87	29.46	20.53	0.00	0.00
LBC	59	17.69	31.73	32.53	18.05	0.00	0.00
LBC	60	19.01	30.72	31.52	18.75	0.00	0.00
LBC	61	18.02	31.52	32.38	18.07	0.00	0.00
LBC	62	18.22	31.37	32.62	17.79	0.00	0.00
LBC	63	21.23	28.92	29.35	20.50	0.00	0.00
LBC	64	20.97	29.46	30.17	19.40	0.00	0.00
LBC	65	18.67	31.19	31.92	18.22	0.00	0.00
LBC	66	20.31	30.07	29.82	19.80	0.00	0.00
LBC	67	20.49	29.41	30.41	19.69	0.00	0.00
LBC	68	20.13	29.46	30.72	19.70	0.00	0.00
LBC	69	20.95	28.85	30.69	19.51	0.00	0.00
LBC	70	20.68	28.55	30.41	20.35	0.00	0.00
LBC	71	20.67	28.90	30.35	20.08	0.00	0.00
LBC	72	20.37	29.43	30.53	19.67	0.00	0.00
LBC	73	20.88	28.24	28.99	21.89	0.00	0.00
LBC	74	17.85	31.79	31.52	18.85	0.00	0.00
LBC	75	11.05	37.82	36.16	14.97	0.00	0.00
# ACGT raw counters for last fragments. Use `grep ^LTC | cut -f 2-` to extract this part. The columns are: A,C,G,T,N base counters
LTC	148178701	222059825	231015672	142764790	3765
# Insert sizes. Use `grep ^IS | cut -f 2-` to extract this part. The columns are: insert size, pairs total, inward oriented pairs, outward oriented pairs, other pairs
IS	0	2	0	2	0
IS	1	0	0	0	0
IS	2	8	0	8	0
IS	3	8	0	8	0
IS	4	16	0	16	0
IS	5	14	0	14	0
IS	6	9	0	9	0
IS	7	14	0	14	0
IS	8	13	0	13	0
IS	9	14	0	14	0
IS	10	9	0	9	0
IS	11	12	0	12	0
IS	12	20	0	20	0
IS	13	10	0	10	0
IS	14	18	0	18	0
IS	15	8	0	8	0
IS	16	19	0	19	0
IS	17	13	0	13	0
IS	18	12	0	12	0
IS	19	13	1	11	1
IS	20	21	0	21	0
IS	21	28	1	26	1
IS	22	20	3	17	0
IS	23	14	2	12	0
IS	24	20	2	18	0
IS	25	24	1	23	0
IS	26	29	3	25	1
IS	27	43	0	43	0
IS	28	22	2	20	0
IS	29	46	5	41	0
IS	30	35	7	27	1
IS	31	22	3	19	0
IS	32	51	9	42	0
IS	33	46	6	40	0
IS	34	37	8	27	2
IS	35	47	13	34	0
IS	36	49	14	35	0
IS	37	41	18	23	0
IS	38	58	18	40	0
IS	39	77	33	44	0
IS	40	78	34	42	2
IS	41	102	45	57	0
IS	42	104	55	49	0
IS	43	110	57	53	0
IS	44	83	43	39	1
IS	45	98	38	59	1
IS	46	124	48	75	1
IS	47	146	71	74	1
IS	48	178	90	85	3
IS	49	212	116	96	0
IS	50	218	103	113	2
IS	51	251	139	108	4
IS	52	260	126	134	0
IS	53	308	162	146	0
IS	54	348	174	174	0
IS	55	361	195	166	0
IS	56	413	190	222	1
IS	57	462	242	220	0
IS	58	492	224	268	0
IS	59	607	320	286	1
IS	60	651	323	328	0
IS	61	780	384	396	0
IS	62	959	477	482	0
IS	63	1018	530	488	0
IS	64	1220	583	636	1
IS	65	1223	647	575	1
IS	66	1240	656	584	0
IS	67	1450	728	720	2
IS	68	1754	905	849	0
IS	69	2019	990	1029	0
IS	70	2622	1250	1372	0
IS	71	2691	1349	1341	1
IS	72	3095	1500	1595	0
IS	73	3804	1817	1987	0
IS	74	4065	2188	1877	0
IS	75	5173	3216	1957	0
IS	76	5613	5608	5	0
IS	77	6431	6427	3	1
IS	78	6416	6414	2	0
IS	79	7051	7051	0	0
IS	80	7830	7827	3	0
IS	81	8502	8502	0	0
IS	82	9958	9958	0	0
IS	83	11232	11229	3	0
IS	84	12206	12206	0	0
IS	85	13903	13902	0	1
IS	86	14993	14993	0	0
IS	87	17573	17573	0	0
IS	88	18956	18956	0	0
IS	89	20202	20199	2	1
IS	90	21849	21849	0	0
IS	91	20408	20408	0	0
IS	92	24866	24866	0	0
IS	93	26384	26382	2	0
IS	94	28845	28844	1	0
IS	95	32581	32579	1	1
IS	96	33201	33200	1	0
IS	97	35536	35536	0	0
IS	98	39348	39348	0	0
IS	99	41150	41147	3	0
IS	100	44097	44096	1	0
IS	101	45045	45044	1	0
IS	102	47946	47946	0	0
IS	103	48319	48318	1	0
IS	104	53517	53516	1	0
IS	105	57959	57958	1	0
IS	106	63468	63468	0	0
IS	107	68827	68826	1	0
IS	108	72500	72500	0	0
IS	109	83564	83563	1	0
IS	110	95231	95231	0	0
IS	111	85242	85241	1	0
IS	112	89681	89678	0	3
IS	113	84615	84615	0	0
IS	114	96420	96419	1	0
IS	115	95632	95631	1	0
IS	116	96862	96862	0	0
IS	117	100431	100431	0	0
IS	118	107289	107289	0	0
IS	119	121889	121889	0	0
IS	120	121397	121397	0	0
IS	121	127038	127038	0	0
IS	122	133251	133251	0	0
IS	123	124295	124295	0	0
IS	124	129186	129186	0	0
IS	125	121952	121949	1	2
IS	126	115901	115901	0	0
IS	127	116706	116705	1	0
IS	128	131218	131216	2	0
IS	129	148426	148424	2	0
IS	130	181701	181701	0	0
IS	131	173499	173499	0	0
IS	132	148358	148358	0	0
IS	133	131291	131291	0	0
IS	134	128375	128375	0	0
IS	135	118245	118245	0	0
IS	136	114345	114345	0	0
IS	137	124232	124232	0	0
IS	138	119064	119064	0	0
IS	139	130831	130831	0	0
IS	140	151896	151896	0	0
IS	141	148058	148058	0	0
IS	142	141054	141054	0	0
IS	143	126169	126168	1	0
IS	144	120735	120735	0	0
IS	145	117567	117567	0	0
IS	146	113886	113886	0	0
IS	147	114764	114764	0	0
IS	148	115161	115161	0	0
IS	149	106026	106023	0	3
IS	150	98742	98742	0	0
IS	151	93671	93671	0	0
IS	152	96392	96392	0	0
IS	153	101347	101346	0	1
IS	154	95655	95655	0	0
IS	155	104681	104681	0	0
IS	156	94939	94939	0	0
IS	157	103142	103142	0	0
IS	158	96185	96184	1	0
IS	159	95250	95250	0	0
IS	160	90415	90415	0	0
IS	161	87209	87209	0	0
IS	162	89063	89062	0	1
IS	163	91027	91025	2	0
IS	164	99741	99740	1	0
IS	165	101216	101216	0	0
IS	166	86119	86119	0	0
IS	167	90261	90260	1	0
IS	168	85612	85611	1	0
IS	169	82901	82901	0	0
IS	170	72118	72118	0	0
IS	171	63177	63177	0	0
IS	172	69008	69008	0	0
IS	173	66570	66570	0	0
IS	174	60173	60173	0	0
IS	175	63411	63411	0	0
IS	176	70678	70678	0	0
IS	177	74075	74075	0	0
IS	178	70383	70382	1	0
IS	179	62423	62421	2	0
IS	180	50680	50680	0	0
IS	181	50955	50955	0	0
IS	182	46447	46447	0	0
IS	183	43498	43498	0	0
IS	184	41087	41085	2	0
IS	185	40499	40498	1	0
IS	186	42916	42916	0	0
IS	187	45510	45510	0	0
IS	188	46704	46704	0	0
IS	189	39986	39985	0	1
IS	190	38411	38411	0	0
IS	191	35559	35559	0	0
IS	192	36626	36626	0	0
IS	193	35230	35230	0	0
IS	194	32892	32892	0	0
IS	195	32529	32529	0	0
IS	196	31351	31350	0	1
IS	197	28760	28759	1	0
IS	198	31601	31600	1	0
IS	199	31594	31594	0	0
IS	200	30725	30725	0	0
IS	201	29476	29476	0	0
IS	202	30831	30831	0	0
IS	203	26429	26429	0	0
IS	204	22179	22179	0	0
IS	205	21625	21625	0	0
IS	206	20463	20463	0	0
IS	207	19087	19087	0	0
IS	208	19418	19418	0	0
IS	209	17889	17889	0	0
IS	210	16675	16675	0	0
IS	211	17083	17083	0	0
IS	212	16713	16713	0	0
IS	213	17815	17815	0	0
IS	214	17255	17255	0	0
IS	215	17705	17705	0	0
IS	216	16672	16672	0	0
IS	217	15348	15348	0	0
IS	218	15733	15733	0	0
IS	219	14165	14165	0	0
IS	220	13935	13935	0	0
IS	221	15117	15117	0	0
IS	222	14476	14476	0	0
IS	223	13080	13080	0	0
IS	224	11142	11142	0	0
IS	225	11309	11309	0	0
IS	226	10933	10933	0	0
IS	227	12977	12977	0	0
IS	228	18701	18701	0	0
IS	229	16856	16856	0	0
IS	230	13677	13677	0	0
IS	231	10769	10769	0	0
IS	232	11717	11717	0	0
IS	233	13583	13583	0	0
IS	234	8810	8810	0	0
IS	235	7658	7658	0	0
IS	236	8066	8066	0	0
IS	237	8287	8287	0	0
IS	238	9742	9742	0	0
IS	239	8336	8336	0	0
IS	240	6739	6739	0	0
IS	241	6455	6455	0	0
IS	242	6219	6219	0	0
IS	243	5943	5943	0	0
IS	244	6398	6398	0	0
IS	245	7215	7214	1	0
IS	246	7308	7308	0	0
IS	247	5764	5764	0	0
IS	248	6762	6762	0	0
IS	249	6605	6605	0	0
IS	250	5530	5530	0	0
IS	251	4606	4606	0	0
IS	252	4599	4599	0	0
IS	253	4426	4426	0	0
# Read lengths. Use `grep ^RL | cut -f 2-` to extract this part. The columns are: read length, count
RL	25	19656
RL	26	18848
RL	27	18944
RL	28	19056
RL	29	18341
RL	30	18477
RL	31	19304
RL	32	17904
RL	33	18188
RL	34	17681
RL	35	17883
RL	36	17731
RL	37	18294
RL	38	17125
RL	39	17904
RL	40	15804
RL	41	16669
RL	42	15760
RL	43	18069
RL	44	18196
RL	45	18375
RL	46	18252
RL	47	17198
RL	48	17584
RL	49	17101
RL	50	17113
RL	51	17071
RL	52	17785
RL	53	17347
RL	54	17211
RL	55	16682
RL	56	17171
RL	57	16603
RL	58	17862
RL	59	18169
RL	60	18819
RL	61	18972
RL	62	18601
RL	63	19053
RL	64	19997
RL	65	20043
RL	66	20100
RL	67	21933
RL	68	21400
RL	69	25014
RL	70	40126
RL	71	52392
RL	72	239024
RL	73	1423135
RL	74	3869457
RL	75	13888236
# Read lengths - first fragments. Use `grep ^FRL | cut -f 2-` to extract this part. The columns are: read length, count
FRL	25	6618
FRL	26	5996
FRL	27	6313
FRL	28	6395
FRL	29	6446
FRL	30	6306
FRL	31	6293
FRL	32	6261
FRL	33	7023
FRL	34	6283
FRL	35	6058
FRL	36	6416
FRL	37	6548
FRL	38	6158
FRL	39	6454
FRL	40	6220
FRL	41	6082
FRL	42	5698
FRL	43	6109
FRL	44	5820
FRL	45	5905
FRL	46	5844
FRL	47	5906
FRL	48	6074
FRL	49	5994
FRL	50	6013
FRL	51	6366
FRL	52	6282
FRL	53	6277
FRL	54	6404
FRL	55	6465
FRL	56	6616
FRL	57	6365
FRL	58	6950
FRL	59	7021
FRL	60	7214
FRL	61	7481
FRL	62	7720
FRL	63	7949
FRL	64	9485
FRL	65	9162
FRL	66	9393
FRL	67	11471
FRL	68	10049
FRL	69	11045
FRL	70	14716
FRL	71	25375
FRL	72	101358
FRL	73	622248
FRL	74	2089130
FRL	75	7005055
# Read lengths - last fragments. Use `grep ^LRL | cut -f 2-` to extract this part. The columns are: read length, count
LRL	25	13038
LRL	26	12852
LRL	27	12631
LRL	28	12661
LRL	29	11895
LRL	30	12171
LRL	31	13011
LRL	32	11643
LRL	33	11165
LRL	34	11398
LRL	35	11825
LRL	36	11315
LRL	37	11746
LRL	38	10967
LRL	39	11450
LRL	40	9584
LRL	41	10587
LRL	42	10062
LRL	43	11960
LRL	44	12376
LRL	45	12470
LRL	46	12408
LRL	47	11292
LRL	48	11510
LRL	49	11107
LRL	50	11100
LRL	51	10705
LRL	52	11503
LRL	53	11070
LRL	54	10807
LRL	55	10217
LRL	56	10555
LRL	57	10238
LRL	58	10912
LRL	59	11148
LRL	60	11605
LRL	61	11491
LRL	62	10881
LRL	63	11104
LRL	64	10512
LRL	65	10881
LRL	66	10707
LRL	67	10462
LRL	68	11351
LRL	69	13969
LRL	70	25410
LRL	71	27017
LRL	72	137666
LRL	73	800887
LRL	74	1780327
LRL	75	6883181
# Mapping qualities for reads !(UNMAP|SECOND|SUPPL|QCFAIL|DUP). Use `grep ^MAPQ | cut -f 2-` to extract this part. The columns are: mapq, count
MAPQ	0	12931837
MAPQ	1	219
MAPQ	2	1
MAPQ	3	184
MAPQ	4	4006
MAPQ	5	101
MAPQ	6	284
MAPQ	7	797
MAPQ	8	52
MAPQ	9	237
MAPQ	10	4546
MAPQ	11	167
MAPQ	12	424
MAPQ	13	412
MAPQ	14	10
MAPQ	15	247
MAPQ	16	5688
MAPQ	17	150
MAPQ	18	243
MAPQ	19	472
MAPQ	21	258
MAPQ	22	252651
MAPQ	23	5450
MAPQ	24	5090
MAPQ	25	10098
MAPQ	26	179
MAPQ	27	15274
MAPQ	28	11286
MAPQ	29	150
MAPQ	30	359
MAPQ	31	937
MAPQ	32	42
MAPQ	33	678
MAPQ	34	6574
MAPQ	35	64
MAPQ	36	149
MAPQ	37	520
MAPQ	38	21
MAPQ	39	1057
MAPQ	40	259979
MAPQ	41	2238
MAPQ	42	956
MAPQ	43	875
MAPQ	44	3279
MAPQ	45	1737
MAPQ	46	10811
MAPQ	47	80912
MAPQ	48	2767
MAPQ	49	4357
MAPQ	50	8710
MAPQ	51	1635
MAPQ	52	30795
MAPQ	53	859
MAPQ	54	3912
MAPQ	55	1088
MAPQ	56	881
MAPQ	57	2200
MAPQ	58	1611
MAPQ	59	234
MAPQ	60	6607580
# Indel distribution. Use `grep ^ID | cut -f 2-` to extract this part. The columns are: length, number of insertions, number of deletions
ID	1	27570	26685
ID	2	613	5974
ID	3	49	571
ID	4	8	172
ID	5	5	24
ID	6	3	115
ID	7	1	10
ID	8	2	2
ID	9	0	2
ID	10	0	9
ID	11	0	9
ID	12	2	20
ID	13	0	3
ID	14	0	23
ID	15	0	9
ID	16	0	38
ID	17	0	2
ID	18	0	6
ID	21	0	3
ID	22	0	5
ID	23	0	1
ID	24	0	3
ID	25	0	4
ID	26	0	2
ID	27	0	1
ID	30	0	2
ID	31	0	1
# Indels per cycle. Use `grep ^IC | cut -f 2-` to extract this part. The columns are: cycle, number of insertions (fwd), .. (rev) , number of deletions (fwd), .. (rev)
IC	3	0	0	1444	276
IC	4	315	197	662	190
IC	5	227	40	164	142
IC	6	105	151	90	155
IC	7	48	72	118	176
IC	8	31	24	121	242
IC	9	34	77	125	215
IC	10	23	43	139	185
IC	11	23	61	162	233
IC	12	15	29	191	235
IC	13	12	41	188	242
IC	14	22	40	183	265
IC	15	63	63	173	261
IC	16	63	18	236	248
IC	17	21	114	218	203
IC	18	151	693	226	255
IC	19	27	239	222	241
IC	20	20	929	217	203
IC	21	21	53	295	264
IC	22	29	477	245	277
IC	23	80	360	247	232
IC	24	104	915	310	259
IC	25	160	126	253	248
IC	26	156	45	279	276
IC	27	85	439	292	316
IC	28	262	105	232	232
IC	29	57	61	273	202
IC	30	87	383	218	249
IC	31	125	551	227	218
IC	32	54	77	193	241
IC	33	24	79	219	213
IC	34	42	71	240	267
IC	35	37	302	238	283
IC	36	52	31	206	244
IC	37	54	59	235	304
IC	38	79	112	193	262
IC	39	126	78	278	232
IC	40	95	222	260	282
IC	41	23	146	267	289
IC	42	30	242	241	247
IC	43	14	118	236	225
IC	44	24	151	242	263
IC	45	29	511	254	251
IC	46	20	111	221	251
IC	47	38	52	258	244
IC	48	28	192	296	275
IC	49	31	108	231	242
IC	50	47	329	270	215
IC	51	46	34	240	235
IC	52	156	37	247	277
IC	53	90	173	264	226
IC	54	87	420	264	233
IC	55	289	387	252	223
IC	56	782	358	225	271
IC	57	2414	809	270	228
IC	58	560	56	248	269
IC	59	2790	377	228	242
IC	60	282	195	226	263
IC	61	50	39	231	269
IC	62	341	71	234	266
IC	63	339	117	217	271
IC	64	479	1033	216	257
IC	65	324	465	216	210
IC	66	244	17	273	233
IC	67	1410	41	215	225
IC	68	81	20	225	207
IC	69	80	14	176	170
IC	70	47	30	181	176
IC	71	61	8	145	121
IC	72	47	3	69	64
# Coverage distribution. Use `grep ^COV | cut -f 2-` to extract this part.
COV	[1-1]	1	871793
COV	[2-2]	2	648312
COV	[3-3]	3	459784
COV	[4-4]	4	378904
COV	[5-5]	5	299799
COV	[6-6]	6	258078
COV	[7-7]	7	213881
COV	[8-8]	8	183023
COV	[9-9]	9	159011
COV	[10-10]	10	141010
COV	[11-11]	11	124983
COV	[12-12]	12	113002
COV	[13-13]	13	101413
COV	[14-14]	14	91755
COV	[15-15]	15	84082
COV	[16-16]	16	76903
COV	[17-17]	17	72487
COV	[18-18]	18	67043
COV	[19-19]	19	62724
COV	[20-20]	20	57475
COV	[21-21]	21	54731
COV	[22-22]	22	51213
COV	[23-23]	23	47589
COV	[24-24]	24	44896
COV	[25-25]	25	42607
COV	[26-26]	26	39443
COV	[27-27]	27	37121
COV	[28-28]	28	35670
COV	[29-29]	29	34427
COV	[30-30]	30	33162
COV	[31-31]	31	30945
COV	[32-32]	32	29453
COV	[33-33]	33	28172
COV	[34-34]	34	26701
COV	[35-35]	35	25624
COV	[36-36]	36	24717
COV	[37-37]	37	24216
COV	[38-38]	38	23028
COV	[39-39]	39	22528
COV	[40-40]	40	20977
COV	[41-41]	41	20044
COV	[42-42]	42	19631
COV	[43-43]	43	18606
COV	[44-44]	44	18188
COV	[45-45]	45	16849
COV	[46-46]	46	17172
COV	[47-47]	47	16355
COV	[48-48]	48	15918
COV	[49-49]	49	15599
COV	[50-50]	50	14807
COV	[51-51]	51	14617
COV	[52-52]	52	14367
COV	[53-53]	53	13845
COV	[54-54]	54	13255
COV	[55-55]	55	13007
COV	[56-56]	56	12905
COV	[57-57]	57	12491
COV	[58-58]	58	11983
COV	[59-59]	59	11625
COV	[60-60]	60	11107
COV	[61-61]	61	10796
COV	[62-62]	62	10672
COV	[63-63]	63	10354
COV	[64-64]	64	9952
COV	[65-65]	65	10057
COV	[66-66]	66	9496
COV	[67-67]	67	9152
COV	[68-68]	68	9150
COV	[69-69]	69	8908
COV	[70-70]	70	8612
COV	[71-71]	71	8609
COV	[72-72]	72	8145
COV	[73-73]	73	7848
COV	[74-74]	74	7817
COV	[75-75]	75	7868
COV	[76-76]	76	7530
COV	[77-77]	77	7534
COV	[78-78]	78	7217
COV	[79-79]	79	6846
COV	[80-80]	80	6994
COV	[81-81]	81	6891
COV	[82-82]	82	6740
COV	[83-83]	83	6546
COV	[84-84]	84	6445
COV	[85-85]	85	6086
COV	[86-86]	86	6135
COV	[87-87]	87	5811
COV	[88-88]	88	5985
COV	[89-89]	89	5924
COV	[90-90]	90	5811
COV	[91-91]	91	5469
COV	[92-92]	92	5541
COV	[93-93]	93	5412
COV	[94-94]	94	5113
COV	[95-95]	95	5077
COV	[96-96]	96	5000
COV	[97-97]	97	5027
COV	[98-98]	98	4886
COV	[99-99]	99	4757
COV	[100-100]	100	4751
COV	[101-101]	101	4583
COV	[102-102]	102	4517
COV	[103-103]	103	4552
COV	[104-104]	104	4459
COV	[105-105]	105	4246
COV	[106-106]	106	4099
COV	[107-107]	107	4185
COV	[108-108]	108	3960
COV	[109-109]	109	4042
COV	[110-110]	110	3987
COV	[111-111]	111	3825
COV	[112-112]	112	3640
COV	[113-113]	113	3652
COV	[114-114]	114	3703
COV	[115-115]	115	3674
COV	[116-116]	116	3721
COV	[117-117]	117	3693
COV	[118-118]	118	3507
COV	[119-119]	119	3472
COV	[120-120]	120	3381
COV	[121-121]	121	3333
COV	[122-122]	122	3366
COV	[123-123]	123	3412
COV	[124-124]	124	3071
COV	[125-125]	125	3162
COV	[126-126]	126	3124
COV	[127-127]	127	3155
COV	[128-128]	128	3088
COV	[129-129]	129	3025
COV	[130-130]	130	3008
COV	[131-131]	131	2842
COV	[132-132]	132	2872
COV	[133-133]	133	2858
COV	[134-134]	134	2821
COV	[135-135]	135	2730
COV	[136-136]	136	2732
COV	[137-137]	137	2739
COV	[138-138]	138	2706
COV	[139-139]	139	2667
COV	[140-140]	140	2577
COV	[141-141]	141	2614
COV	[142-142]	142	2453
COV	[143-143]	143	2448
COV	[144-144]	144	2395
COV	[145-145]	145	2496
COV	[146-146]	146	2315
COV	[147-147]	147	2407
COV	[148-148]	148	2373
COV	[149-149]	149	2347
COV	[150-150]	150	2220
COV	[151-151]	151	2268
COV	[152-152]	152	2355
COV	[153-153]	153	2301
COV	[154-154]	154	2257
COV	[155-155]	155	2256
COV	[156-156]	156	2122
COV	[157-157]	157	2178
COV	[158-158]	158	2250
COV	[159-159]	159	2245
COV	[160-160]	160	2122
COV	[161-161]	161	2088
COV	[162-162]	162	2029
COV	[163-163]	163	1995
COV	[164-164]	164	1929
COV	[165-165]	165	1966
COV	[166-166]	166	1994
COV	[167-167]	167	1910
COV	[168-168]	168	1951
COV	[169-169]	169	1795
COV	[170-170]	170	1820
COV	[171-171]	171	1802
COV	[172-172]	172	1756
COV	[173-173]	173	1809
COV	[174-174]	174	1793
COV	[175-175]	175	1728
COV	[176-176]	176	1772
COV	[177-177]	177	1712
COV	[178-178]	178	1666
COV	[179-179]	179	1745
COV	[180-180]	180	1749
COV	[181-181]	181	1644
COV	[182-182]	182	1741
COV	[183-183]	183	1692
COV	[184-184]	184	1655
COV	[185-185]	185	1607
COV	[186-186]	186	1512
COV	[187-187]	187	1568
COV	[188-188]	188	1528
COV	[189-189]	189	1561
COV	[190-190]	190	1386
COV	[191-191]	191	1450
COV	[192-192]	192	1503
COV	[193-193]	193	1505
COV	[194-194]	194	1370
COV	[195-195]	195	1355
COV	[196-196]	196	1415
COV	[197-197]	197	1411
COV	[198-198]	198	1373
COV	[199-199]	199	1305
COV	[200-200]	200	1406
COV	[201-201]	201	1412
COV	[202-202]	202	1281
COV	[203-203]	203	1301
COV	[204-204]	204	1266
COV	[205-205]	205	1250
COV	[206-206]	206	1237
COV	[207-207]	207	1186
COV	[208-208]	208	1267
COV	[209-209]	209	1248
COV	[210-210]	210	1222
COV	[211-211]	211	1187
COV	[212-212]	212	1209
COV	[213-213]	213	1159
COV	[214-214]	214	1161
COV	[215-215]	215	1165
COV	[216-216]	216	1140
COV	[217-217]	217	1079
COV	[218-218]	218	1142
COV	[219-219]	219	1126
COV	[220-220]	220	1136
COV	[221-221]	221	1055
COV	[222-222]	222	1047
COV	[223-223]	223	1054
COV	[224-224]	224	1045
COV	[225-225]	225	1100
COV	[226-226]	226	1041
COV	[227-227]	227	1063
COV	[228-228]	228	1027
COV	[229-229]	229	967
COV	[230-230]	230	950
COV	[231-231]	231	1058
COV	[232-232]	232	1014
COV	[233-233]	233	973
COV	[234-234]	234	921
COV	[235-235]	235	979
COV	[236-236]	236	936
COV	[237-237]	237	1000
COV	[238-238]	238	909
COV	[239-239]	239	963
COV	[240-240]	240	944
COV	[241-241]	241	923
COV	[242-242]	242	915
COV	[243-243]	243	916
COV	[244-244]	244	858
COV	[245-245]	245	855
COV	[246-246]	246	876
COV	[247-247]	247	922
COV	[248-248]	248	896
COV	[249-249]	249	803
COV	[250-250]	250	775
COV	[251-251]	251	761
COV	[252-252]	252	766
COV	[253-253]	253	797
COV	[254-254]	254	786
COV	[255-255]	255	812
COV	[256-256]	256	767
COV	[257-257]	257	768
COV	[258-258]	258	724
COV	[259-259]	259	737
COV	[260-260]	260	764
COV	[261-261]	261	757
COV	[262-262]	262	783
COV	[263-263]	263	732
COV	[264-264]	264	721
COV	[265-265]	265	773
COV	[266-266]	266	811
COV	[267-267]	267	777
COV	[268-268]	268	738
COV	[269-269]	269	781
COV	[270-270]	270	794
COV	[271-271]	271	759
COV	[272-272]	272	728
COV	[273-273]	273	681
COV	[274-274]	274	688
COV	[275-275]	275	669
COV	[276-276]	276	695
COV	[277-277]	277	656
COV	[278-278]	278	678
COV	[279-279]	279	657
COV	[280-280]	280	658
COV	[281-281]	281	711
COV	[282-282]	282	687
COV	[283-283]	283	730
COV	[284-284]	284	657
COV	[285-285]	285	665
COV	[286-286]	286	685
COV	[287-287]	287	672
COV	[288-288]	288	633
COV	[289-289]	289	630
COV	[290-290]	290	702
COV	[291-291]	291	666
COV	[292-292]	292	658
COV	[293-293]	293	647
COV	[294-294]	294	702
COV	[295-295]	295	618
COV	[296-296]	296	634
COV	[297-297]	297	599
COV	[298-298]	298	560
COV	[299-299]	299	595
COV	[300-300]	300	567
COV	[301-301]	301	579
COV	[302-302]	302	587
COV	[303-303]	303	537
COV	[304-304]	304	543
COV	[305-305]	305	542
COV	[306-306]	306	552
COV	[307-307]	307	526
COV	[308-308]	308	541
COV	[309-309]	309	496
COV	[310-310]	310	528
COV	[311-311]	311	511
COV	[312-312]	312	511
COV	[313-313]	313	508
COV	[314-314]	314	514
COV	[315-315]	315	505
COV	[316-316]	316	480
COV	[317-317]	317	472
COV	[318-318]	318	526
COV	[319-319]	319	481
COV	[320-320]	320	508
COV	[321-321]	321	482
COV	[322-322]	322	481
COV	[323-323]	323	501
COV	[324-324]	324	491
COV	[325-325]	325	505
COV	[326-326]	326	484
COV	[327-327]	327	485
COV	[328-328]	328	444
COV	[329-329]	329	483
COV	[330-330]	330	494
COV	[331-331]	331	495
COV	[332-332]	332	481
COV	[333-333]	333	490
COV	[334-334]	334	466
COV	[335-335]	335	481
COV	[336-336]	336	473
COV	[337-337]	337	495
COV	[338-338]	338	431
COV	[339-339]	339	461
COV	[340-340]	340	440
COV	[341-341]	341	411
COV	[342-342]	342	450
COV	[343-343]	343	464
COV	[344-344]	344	419
COV	[345-345]	345	440
COV	[346-346]	346	469
COV	[347-347]	347	438
COV	[348-348]	348	412
COV	[349-349]	349	418
COV	[350-350]	350	422
COV	[351-351]	351	445
COV	[352-352]	352	414
COV	[353-353]	353	428
COV	[354-354]	354	430
COV	[355-355]	355	420
COV	[356-356]	356	386
COV	[357-357]	357	405
COV	[358-358]	358	402
COV	[359-359]	359	393
COV	[360-360]	360	392
COV	[361-361]	361	386
COV	[362-362]	362	406
COV	[363-363]	363	402
COV	[364-364]	364	382
COV	[365-365]	365	397
COV	[366-366]	366	370
COV	[367-367]	367	394
COV	[368-368]	368	351
COV	[369-369]	369	360
COV	[370-370]	370	374
COV	[371-371]	371	393
COV	[372-372]	372	371
COV	[373-373]	373	408
COV	[374-374]	374	357
COV	[375-375]	375	361
COV	[376-376]	376	391
COV	[377-377]	377	394
COV	[378-378]	378	377
COV	[379-379]	379	389
COV	[380-380]	380	405
COV	[381-381]	381	393
COV	[382-382]	382	383
COV	[383-383]	383	363
COV	[384-384]	384	391
COV	[385-385]	385	405
COV	[386-386]	386	395
COV	[387-387]	387	345
COV	[388-388]	388	413
COV	[389-389]	389	395
COV	[390-390]	390	363
COV	[391-391]	391	369
COV	[392-392]	392	364
COV	[393-393]	393	365
COV	[394-394]	394	351
COV	[395-395]	395	373
COV	[396-396]	396	360
COV	[397-397]	397	342
COV	[398-398]	398	325
COV	[399-399]	399	325
COV	[400-400]	400	318
COV	[401-401]	401	319
COV	[402-402]	402	337
COV	[403-403]	403	363
COV	[404-404]	404	340
COV	[405-405]	405	313
COV	[406-406]	406	348
COV	[407-407]	407	352
COV	[408-408]	408	360
COV	[409-409]	409	320
COV	[410-410]	410	339
COV	[411-411]	411	335
COV	[412-412]	412	330
COV	[413-413]	413	334
COV	[414-414]	414	323
COV	[415-415]	415	352
COV	[416-416]	416	333
COV	[417-417]	417	306
COV	[418-418]	418	301
COV	[419-419]	419	330
COV	[420-420]	420	307
COV	[421-421]	421	318
COV	[422-422]	422	315
COV	[423-423]	423	311
COV	[424-424]	424	313
COV	[425-425]	425	277
COV	[426-426]	426	287
COV	[427-427]	427	311
COV	[428-428]	428	277
COV	[429-429]	429	302
COV	[430-430]	430	305
COV	[431-431]	431	285
COV	[432-432]	432	250
COV	[433-433]	433	280
COV	[434-434]	434	304
COV	[435-435]	435	312
COV	[436-436]	436	283
COV	[437-437]	437	269
COV	[438-438]	438	282
COV	[439-439]	439	269
COV	[440-440]	440	305
COV	[441-441]	441	324
COV	[442-442]	442	309
COV	[443-443]	443	304
COV	[444-444]	444	267
COV	[445-445]	445	315
COV	[446-446]	446	257
COV	[447-447]	447	290
COV	[448-448]	448	284
COV	[449-449]	449	289
COV	[450-450]	450	292
COV	[451-451]	451	289
COV	[452-452]	452	250
COV	[453-453]	453	254
COV	[454-454]	454	216
COV	[455-455]	455	281
COV	[456-456]	456	250
COV	[457-457]	457	270
COV	[458-458]	458	269
COV	[459-459]	459	261
COV	[460-460]	460	254
COV	[461-461]	461	293
COV	[462-462]	462	265
COV	[463-463]	463	255
COV	[464-464]	464	249
COV	[465-465]	465	256
COV	[466-466]	466	249
COV	[467-467]	467	229
COV	[468-468]	468	275
COV	[469-469]	469	244
COV	[470-470]	470	254
COV	[471-471]	471	264
COV	[472-472]	472	229
COV	[473-473]	473	272
COV	[474-474]	474	248
COV	[475-475]	475	259
COV	[476-476]	476	223
COV	[477-477]	477	251
COV	[478-478]	478	283
COV	[479-479]	479	269
COV	[480-480]	480	241
COV	[481-481]	481	265
COV	[482-482]	482	251
COV	[483-483]	483	201
COV	[484-484]	484	250
COV	[485-485]	485	258
COV	[486-486]	486	242
COV	[487-487]	487	238
COV	[488-488]	488	205
COV	[489-489]	489	237
COV	[490-490]	490	252
COV	[491-491]	491	212
COV	[492-492]	492	262
COV	[493-493]	493	249
COV	[494-494]	494	215
COV	[495-495]	495	226
COV	[496-496]	496	220
COV	[497-497]	497	216
COV	[498-498]	498	208
COV	[499-499]	499	231
COV	[500-500]	500	232
COV	[501-501]	501	238
COV	[502-502]	502	243
COV	[503-503]	503	254
COV	[504-504]	504	223
COV	[505-505]	505	254
COV	[506-506]	506	245
COV	[507-507]	507	217
COV	[508-508]	508	230
COV	[509-509]	509	259
COV	[510-510]	510	256
COV	[511-511]	511	231
COV	[512-512]	512	222
COV	[513-513]	513	222
COV	[514-514]	514	238
COV	[515-515]	515	238
COV	[516-516]	516	247
COV	[517-517]	517	206
COV	[518-518]	518	255
COV	[519-519]	519	209
COV	[520-520]	520	194
COV	[521-521]	521	234
COV	[522-522]	522	237
COV	[523-523]	523	205
COV	[524-524]	524	212
COV	[525-525]	525	198
COV	[526-526]	526	235
COV	[527-527]	527	230
COV	[528-528]	528	190
COV	[529-529]	529	272
COV	[530-530]	530	206
COV	[531-531]	531	197
COV	[532-532]	532	215
COV	[533-533]	533	218
COV	[534-534]	534	210
COV	[535-535]	535	209
COV	[536-536]	536	234
COV	[537-537]	537	202
COV	[538-538]	538	199
COV	[539-539]	539	212
COV	[540-540]	540	216
COV	[541-541]	541	207
COV	[542-542]	542	205
COV	[543-543]	543	196
COV	[544-544]	544	209
COV	[545-545]	545	194
COV	[546-546]	546	197
COV	[547-547]	547	225
COV	[548-548]	548	216
COV	[549-549]	549	172
COV	[550-550]	550	204
COV	[551-551]	551	183
COV	[552-552]	552	206
COV	[553-553]	553	195
COV	[554-554]	554	219
COV	[555-555]	555	198
COV	[556-556]	556	182
COV	[557-557]	557	199
COV	[558-558]	558	201
COV	[559-559]	559	206
COV	[560-560]	560	208
COV	[561-561]	561	193
COV	[562-562]	562	197
COV	[563-563]	563	184
COV	[564-564]	564	186
COV	[565-565]	565	189
COV	[566-566]	566	197
COV	[567-567]	567	177
COV	[568-568]	568	177
COV	[569-569]	569	158
COV	[570-570]	570	173
COV	[571-571]	571	176
COV	[572-572]	572	172
COV	[573-573]	573	174
COV	[574-574]	574	169
COV	[575-575]	575	200
COV	[576-576]	576	197
COV	[577-577]	577	205
COV	[578-578]	578	185
COV	[579-579]	579	203
COV	[580-580]	580	184
COV	[581-581]	581	178
COV	[582-582]	582	187
COV	[583-583]	583	157
COV	[584-584]	584	183
COV	[585-585]	585	186
COV	[586-586]	586	169
COV	[587-587]	587	159
COV	[588-588]	588	173
COV	[589-589]	589	173
COV	[590-590]	590	174
COV	[591-591]	591	165
COV	[592-592]	592	156
COV	[593-593]	593	170
COV	[594-594]	594	169
COV	[595-595]	595	165
COV	[596-596]	596	170
COV	[597-597]	597	157
COV	[598-598]	598	188
COV	[599-599]	599	191
COV	[600-600]	600	183
COV	[601-601]	601	191
COV	[602-602]	602	162
COV	[603-603]	603	170
COV	[604-604]	604	160
COV	[605-605]	605	181
COV	[606-606]	606	163
COV	[607-607]	607	160
COV	[608-608]	608	171
COV	[609-609]	609	169
COV	[610-610]	610	169
COV	[611-611]	611	169
COV	[612-612]	612	166
COV	[613-613]	613	152
COV	[614-614]	614	189
COV	[615-615]	615	184
COV	[616-616]	616	164
COV	[617-617]	617	173
COV	[618-618]	618	191
COV	[619-619]	619	162
COV	[620-620]	620	147
COV	[621-621]	621	152
COV	[622-622]	622	158
COV	[623-623]	623	166
COV	[624-624]	624	162
COV	[625-625]	625	146
COV	[626-626]	626	128
COV	[627-627]	627	164
COV	[628-628]	628	137
COV	[629-629]	629	136
COV	[630-630]	630	157
COV	[631-631]	631	140
COV	[632-632]	632	154
COV	[633-633]	633	151
COV	[634-634]	634	148
COV	[635-635]	635	148
COV	[636-636]	636	139
COV	[637-637]	637	153
COV	[638-638]	638	158
COV	[639-639]	639	162
COV	[640-640]	640	152
COV	[641-641]	641	126
COV	[642-642]	642	174
COV	[643-643]	643	141
COV	[644-644]	644	144
COV	[645-645]	645	151
COV	[646-646]	646	123
COV	[647-647]	647	157
COV	[648-648]	648	135
COV	[649-649]	649	157
COV	[650-650]	650	160
COV	[651-651]	651	149
COV	[652-652]	652	123
COV	[653-653]	653	165
COV	[654-654]	654	157
COV	[655-655]	655	130
COV	[656-656]	656	148
COV	[657-657]	657	157
COV	[658-658]	658	116
COV	[659-659]	659	147
COV	[660-660]	660	177
COV	[661-661]	661	151
COV	[662-662]	662	156
COV	[663-663]	663	148
COV	[664-664]	664	157
COV	[665-665]	665	142
COV	[666-666]	666	155
COV	[667-667]	667	133
COV	[668-668]	668	153
COV	[669-669]	669	129
COV	[670-670]	670	147
COV	[671-671]	671	154
COV	[672-672]	672	136
COV	[673-673]	673	131
COV	[674-674]	674	125
COV	[675-675]	675	124
COV	[676-676]	676	152
COV	[677-677]	677	134
COV	[678-678]	678	103
COV	[679-679]	679	126
COV	[680-680]	680	114
COV	[681-681]	681	111
COV	[682-682]	682	137
COV	[683-683]	683	140
COV	[684-684]	684	124
COV	[685-685]	685	108
COV	[686-686]	686	117
COV	[687-687]	687	105
COV	[688-688]	688	143
COV	[689-689]	689	122
COV	[690-690]	690	133
COV	[691-691]	691	124
COV	[692-692]	692	139
COV	[693-693]	693	161
COV	[694-694]	694	129
COV	[695-695]	695	141
COV	[696-696]	696	125
COV	[697-697]	697	133
COV	[698-698]	698	108
COV	[699-699]	699	108
COV	[700-700]	700	120
COV	[701-701]	701	132
COV	[702-702]	702	123
COV	[703-703]	703	115
COV	[704-704]	704	131
COV	[705-705]	705	129
COV	[706-706]	706	105
COV	[707-707]	707	102
COV	[708-708]	708	105
COV	[709-709]	709	97
COV	[710-710]	710	108
COV	[711-711]	711	114
COV	[712-712]	712	100
COV	[713-713]	713	111
COV	[714-714]	714	95
COV	[715-715]	715	116
COV	[716-716]	716	97
COV	[717-717]	717	83
COV	[718-718]	718	112
COV	[719-719]	719	88
COV	[720-720]	720	105
COV	[721-721]	721	115
COV	[722-722]	722	103
COV	[723-723]	723	106
COV	[724-724]	724	110
COV	[725-725]	725	113
COV	[726-726]	726	114
COV	[727-727]	727	106
COV	[728-728]	728	100
COV	[729-729]	729	95
COV	[730-730]	730	89
COV	[731-731]	731	90
COV	[732-732]	732	91
COV	[733-733]	733	87
COV	[734-734]	734	98
COV	[735-735]	735	89
COV	[736-736]	736	105
COV	[737-737]	737	93
COV	[738-738]	738	109
COV	[739-739]	739	107
COV	[740-740]	740	86
COV	[741-741]	741	86
COV	[742-742]	742	76
COV	[743-743]	743	97
COV	[744-744]	744	70
COV	[745-745]	745	77
COV	[746-746]	746	89
COV	[747-747]	747	93
COV	[748-748]	748	80
COV	[749-749]	749	102
COV	[750-750]	750	99
COV	[751-751]	751	91
COV	[752-752]	752	94
COV	[753-753]	753	89
COV	[754-754]	754	95
COV	[755-755]	755	99
COV	[756-756]	756	88
COV	[757-757]	757	112
COV	[758-758]	758	99
COV	[759-759]	759	68
COV	[760-760]	760	100
COV	[761-761]	761	94
COV	[762-762]	762	75
COV	[763-763]	763	80
COV	[764-764]	764	84
COV	[765-765]	765	69
COV	[766-766]	766	82
COV	[767-767]	767	94
COV	[768-768]	768	88
COV	[769-769]	769	89
COV	[770-770]	770	96
COV	[771-771]	771	97
COV	[772-772]	772	106
COV	[773-773]	773	87
COV	[774-774]	774	93
COV	[775-775]	775	79
COV	[776-776]	776	79
COV	[777-777]	777	83
COV	[778-778]	778	94
COV	[779-779]	779	91
COV	[780-780]	780	72
COV	[781-781]	781	93
COV	[782-782]	782	89
COV	[783-783]	783	69
COV	[784-784]	784	82
COV	[785-785]	785	91
COV	[786-786]	786	87
COV	[787-787]	787	91
COV	[788-788]	788	95
COV	[789-789]	789	78
COV	[790-790]	790	80
COV	[791-791]	791	73
COV	[792-792]	792	84
COV	[793-793]	793	80
COV	[794-794]	794	85
COV	[795-795]	795	87
COV	[796-796]	796	83
COV	[797-797]	797	122
COV	[798-798]	798	94
COV	[799-799]	799	98
COV	[800-800]	800	71
COV	[801-801]	801	67
COV	[802-802]	802	78
COV	[803-803]	803	80
COV	[804-804]	804	91
COV	[805-805]	805	88
COV	[806-806]	806	87
COV	[807-807]	807	89
COV	[808-808]	808	108
COV	[809-809]	809	85
COV	[810-810]	810	91
COV	[811-811]	811	91
COV	[812-812]	812	82
COV	[813-813]	813	99
COV	[814-814]	814	106
COV	[815-815]	815	97
COV	[816-816]	816	77
COV	[817-817]	817	81
COV	[818-818]	818	87
COV	[819-819]	819	73
COV	[820-820]	820	69
COV	[821-821]	821	86
COV	[822-822]	822	78
COV	[823-823]	823	68
COV	[824-824]	824	84
COV	[825-825]	825	85
COV	[826-826]	826	95
COV	[827-827]	827	69
COV	[828-828]	828	75
COV	[829-829]	829	95
COV	[830-830]	830	65
COV	[831-831]	831	56
COV	[832-832]	832	73
COV	[833-833]	833	71
COV	[834-834]	834	61
COV	[835-835]	835	84
COV	[836-836]	836	66
COV	[837-837]	837	80
COV	[838-838]	838	82
COV	[839-839]	839	97
COV	[840-840]	840	87
COV	[841-841]	841	77
COV	[842-842]	842	73
COV	[843-843]	843	87
COV	[844-844]	844	74
COV	[845-845]	845	64
COV	[846-846]	846	97
COV	[847-847]	847	76
COV	[848-848]	848	83
COV	[849-849]	849	84
COV	[850-850]	850	69
COV	[851-851]	851	62
COV	[852-852]	852	79
COV	[853-853]	853	78
COV	[854-854]	854	59
COV	[855-855]	855	89
COV	[856-856]	856	65
COV	[857-857]	857	72
COV	[858-858]	858	62
COV	[859-859]	859	87
COV	[860-860]	860	69
COV	[861-861]	861	85
COV	[862-862]	862	84
COV	[863-863]	863	69
COV	[864-864]	864	82
COV	[865-865]	865	72
COV	[866-866]	866	64
COV	[867-867]	867	61
COV	[868-868]	868	66
COV	[869-869]	869	60
COV	[870-870]	870	65
COV	[871-871]	871	75
COV	[872-872]	872	72
COV	[873-873]	873	73
COV	[874-874]	874	69
COV	[875-875]	875	86
COV	[876-876]	876	74
COV	[877-877]	877	63
COV	[878-878]	878	71
COV	[879-879]	879	90
COV	[880-880]	880	65
COV	[881-881]	881	51
COV	[882-882]	882	79
COV	[883-883]	883	57
COV	[884-884]	884	68
COV	[885-885]	885	63
COV	[886-886]	886	65
COV	[887-887]	887	81
COV	[888-888]	888	69
COV	[889-889]	889	68
COV	[890-890]	890	72
COV	[891-891]	891	72
COV	[892-892]	892	63
COV	[893-893]	893	69
COV	[894-894]	894	69
COV	[895-895]	895	57
COV	[896-896]	896	72
COV	[897-897]	897	66
COV	[898-898]	898	48
COV	[899-899]	899	52
COV	[900-900]	900	40
COV	[901-901]	901	60
COV	[902-902]	902	52
COV	[903-903]	903	66
COV	[904-904]	904	57
COV	[905-905]	905	63
COV	[906-906]	906	67
COV	[907-907]	907	61
COV	[908-908]	908	80
COV	[909-909]	909	58
COV	[910-910]	910	74
COV	[911-911]	911	53
COV	[912-912]	912	71
COV	[913-913]	913	78
COV	[914-914]	914	62
COV	[915-915]	915	55
COV	[916-916]	916	65
COV	[917-917]	917	56
COV	[918-918]	918	68
COV	[919-919]	919	47
COV	[920-920]	920	50
COV	[921-921]	921	64
COV	[922-922]	922	67
COV	[923-923]	923	74
COV	[924-924]	924	61
COV	[925-925]	925	65
COV	[926-926]	926	61
COV	[927-927]	927	65
COV	[928-928]	928	49
COV	[929-929]	929	51
COV	[930-930]	930	44
COV	[931-931]	931	49
COV	[932-932]	932	57
COV	[933-933]	933	62
COV	[934-934]	934	73
COV	[935-935]	935	66
COV	[936-936]	936	74
COV	[937-937]	937	55
COV	[938-938]	938	46
COV	[939-939]	939	59
COV	[940-940]	940	55
COV	[941-941]	941	58
COV	[942-942]	942	49
COV	[943-943]	943	60
COV	[944-944]	944	49
COV	[945-945]	945	59
COV	[946-946]	946	52
COV	[947-947]	947	53
COV	[948-948]	948	65
COV	[949-949]	949	55
COV	[950-950]	950	62
COV	[951-951]	951	62
COV	[952-952]	952	44
COV	[953-953]	953	50
COV	[954-954]	954	59
COV	[955-955]	955	48
COV	[956-956]	956	50
COV	[957-957]	957	57
COV	[958-958]	958	55
COV	[959-959]	959	47
COV	[960-960]	960	49
COV	[961-961]	961	45
COV	[962-962]	962	58
COV	[963-963]	963	57
COV	[964-964]	964	59
COV	[965-965]	965	59
COV	[966-966]	966	45
COV	[967-967]	967	58
COV	[968-968]	968	61
COV	[969-969]	969	61
COV	[970-970]	970	54
COV	[971-971]	971	58
COV	[972-972]	972	68
COV	[973-973]	973	51
COV	[974-974]	974	65
COV	[975-975]	975	58
COV	[976-976]	976	56
COV	[977-977]	977	70
COV	[978-978]	978	49
COV	[979-979]	979	64
COV	[980-980]	980	61
COV	[981-981]	981	47
COV	[982-982]	982	50
COV	[983-983]	983	51
COV	[984-984]	984	61
COV	[985-985]	985	58
COV	[986-986]	986	45
COV	[987-987]	987	46
COV	[988-988]	988	60
COV	[989-989]	989	67
COV	[990-990]	990	57
COV	[991-991]	991	52
COV	[992-992]	992	66
COV	[993-993]	993	57
COV	[994-994]	994	55
COV	[995-995]	995	54
COV	[996-996]	996	54
COV	[997-997]	997	62
COV	[998-998]	998	65
COV	[999-999]	999	48
COV	[1000-1000]	1000	58
COV	[1000<]	1000	78405
# GC-depth. Use `grep ^GCD | cut -f 2-` to extract this part. The columns are: GC%, unique sequence percentiles, 10th, 25th, 50th, 75th and 90th depth percentile
GCD	0.0	0.457	0.000	0.000	0.000	0.000	0.000
GCD	56.0	0.685	56.554	56.554	56.554	56.554	56.554
GCD	58.0	1.826	4722.368	5939.169	7327.250	7434.627	7445.209
GCD	59.0	2.511	7399.616	7399.616	7722.176	8357.587	8357.587
GCD	62.0	3.425	27.711	47.155	138.010	199.185	208.735
GCD	63.0	4.110	25.264	25.264	53.335	106.714	106.714
GCD	64.0	5.708	3.836	27.094	45.930	172.062	441.169
GCD	65.0	9.361	7.008	26.554	65.884	102.196	143.943
GCD	66.0	15.525	4.021	10.877	30.401	78.224	161.869
GCD	67.0	25.799	12.202	20.158	36.442	70.369	108.547
GCD	68.0	41.096	6.239	9.558	23.529	47.275	106.358
GCD	69.0	57.078	3.398	7.608	17.751	32.999	55.584
GCD	70.0	74.658	3.190	7.304	15.099	24.211	49.535
GCD	71.0	88.813	1.500	3.770	8.977	19.507	51.048
GCD	72.0	95.890	1.051	2.624	5.023	9.374	30.413
GCD	73.0	98.630	0.378	1.650	4.173	9.542	39.132
GCD	74.0	99.772	5.861	11.458	32.411	55.808	63.734
GCD	75.0	100.000	0.154	0.154	0.154	0.154	0.154
