# This file was produced by samtools stats (1.20+htslib-1.20) and can be plotted using plot-bamstats
# This file contains statistics for all reads.
# The command line was:  stats 60_sorted.bam
# CHK, Checksum	[2]Read Names	[3]Sequences	[4]Qualities
# CHK, CRC32 of reads which passed filtering followed by addition (32bit overflow)
CHK	f7c6ba68	5ab5d0fb	6abcf915
# Summary Numbers. Use `grep ^SN | cut -f 2-` to extract this part.
SN	raw total sequences:	19018176	# excluding supplementary and secondary reads
SN	filtered sequences:	0
SN	sequences:	19018176
SN	is sorted:	1
SN	1st fragments:	9509088
SN	last fragments:	9509088
SN	reads mapped:	18900614
SN	reads mapped and paired:	18791736	# paired-end technology bit set + both mates mapped
SN	reads unmapped:	117562
SN	reads properly paired:	18733444	# proper-pair bit set
SN	reads paired:	19018176	# paired-end technology bit set
SN	reads duplicated:	0	# PCR or optical duplicate bit set
SN	reads MQ0:	12234739	# mapped and MQ=0
SN	reads QC failed:	0
SN	non-primary alignments:	0
SN	supplementary alignments:	1818
SN	total length:	1394795544	# ignores clipping
SN	total first fragment length:	701651651	# ignores clipping
SN	total last fragment length:	693143893	# ignores clipping
SN	bases mapped:	1389136222	# ignores clipping
SN	bases mapped (cigar):	1388287723	# more accurate
SN	bases trimmed:	0
SN	bases duplicated:	0
SN	mismatches:	1909138	# from NM fields
SN	error rate:	1.375175e-03	# mismatches / bases mapped (cigar)
SN	average length:	73
SN	average first fragment length:	74
SN	average last fragment length:	73
SN	maximum length:	75
SN	maximum first fragment length:	75
SN	maximum last fragment length:	75
SN	average quality:	35.1
SN	insert size average:	157.1
SN	insert size standard deviation:	41.3
SN	inward oriented pairs:	9354655
SN	outward oriented pairs:	24671
SN	pairs with other orientation:	14059
SN	pairs on different chromosomes:	2483
SN	percentage of properly paired reads (%):	98.5
# First Fragment Qualities. Use `grep ^FFQ | cut -f 2-` to extract this part.
# Columns correspond to qualities and rows to cycles. First column is the cycle number.
FFQ	1	0	0	0	0	0	0	0	0	0	0	0	0	0	0	113985	0	0	0	0	0	0	84150	0	0	0	0	0	4563	0	0	0	0	9306390	0	0	0	0	0
FFQ	2	0	0	38	0	0	0	0	0	0	0	0	0	0	0	91221	0	0	0	0	0	0	79090	0	0	0	0	0	1942	0	0	0	0	9336797	0	0	0	0	0
FFQ	3	0	0	0	0	0	0	0	0	0	0	0	0	0	0	88519	0	0	0	0	0	0	43178	0	0	0	0	0	1070	0	0	0	0	9376321	0	0	0	0	0
FFQ	4	0	0	19	0	0	0	0	0	0	0	0	0	0	0	74367	0	0	0	0	0	0	43075	0	0	0	0	0	1101	0	0	0	0	9390526	0	0	0	0	0
FFQ	5	0	0	46	0	0	0	0	0	0	0	0	0	0	0	68768	0	0	0	0	0	0	48655	0	0	0	0	0	1513	0	0	0	0	9390019	0	0	0	87	0
FFQ	6	0	0	2036	0	0	0	0	0	0	0	0	0	0	0	88233	0	0	0	0	0	0	61831	0	0	0	0	0	1594	0	0	0	0	256219	0	0	0	9099175	0
FFQ	7	0	0	8	0	0	0	0	0	0	0	0	0	0	0	105057	0	0	0	0	0	0	54281	0	0	0	0	0	1105	0	0	0	0	291373	0	0	0	9057264	0
FFQ	8	0	0	142	0	0	0	0	0	0	0	0	0	0	0	107620	0	0	0	0	0	0	48698	0	0	0	0	0	646	0	0	0	0	335639	0	0	0	9016343	0
FFQ	9	0	0	8	0	0	0	0	0	0	0	0	0	0	0	115525	0	0	0	0	0	0	39565	0	0	0	0	0	639	0	0	0	0	348220	0	0	0	9005131	0
FFQ	10	0	0	5	0	0	0	0	0	0	0	0	0	0	0	123463	0	0	0	0	0	0	44639	0	0	0	0	0	1477	0	0	0	0	368144	0	0	0	8971360	0
FFQ	11	0	0	12	0	0	0	0	0	0	0	0	0	0	0	102158	0	0	0	0	0	0	36541	0	0	0	0	0	616	0	0	0	0	334101	0	0	0	9035660	0
FFQ	12	0	0	17	0	0	0	0	0	0	0	0	0	0	0	115245	0	0	0	0	0	0	45353	0	0	0	0	0	1113	0	0	0	0	366848	0	0	0	8980512	0
FFQ	13	0	0	23	0	0	0	0	0	0	0	0	0	0	0	118275	0	0	0	0	0	0	37174	0	0	0	0	0	1246	0	0	0	0	377772	0	0	0	8974598	0
FFQ	14	0	0	93	0	0	0	0	0	0	0	0	0	0	0	118574	0	0	0	0	0	0	32351	0	0	0	0	0	1191	0	0	0	0	361952	0	0	0	8994927	0
FFQ	15	0	0	8	0	0	0	0	0	0	0	0	0	0	0	117966	0	0	0	0	0	0	36053	0	0	0	0	0	804	0	0	0	0	355533	0	0	0	8998724	0
FFQ	16	0	0	5	0	0	0	0	0	0	0	0	0	0	0	112806	0	0	0	0	0	0	33398	0	0	0	0	0	812	0	0	0	0	353174	0	0	0	9008893	0
FFQ	17	0	0	27	0	0	0	0	0	0	0	0	0	0	0	109267	0	0	0	0	0	0	34756	0	0	0	0	0	2144	0	0	0	0	349437	0	0	0	9013457	0
FFQ	18	0	0	64	0	0	0	0	0	0	0	0	0	0	0	107912	0	0	0	0	0	0	35558	0	0	0	0	0	2915	0	0	0	0	353733	0	0	0	9008906	0
FFQ	19	0	0	30	0	0	0	0	0	0	0	0	0	0	0	118339	0	0	0	0	0	0	39231	0	0	0	0	0	3526	0	0	0	0	381473	0	0	0	8966489	0
FFQ	20	0	0	10	0	0	0	0	0	0	0	0	0	0	0	114267	0	0	0	0	0	0	31351	0	0	0	0	0	4394	0	0	0	0	376148	0	0	0	8982918	0
FFQ	21	0	0	29	0	0	0	0	0	0	0	0	0	0	0	112985	0	0	0	0	0	0	32333	0	0	0	0	0	4881	0	0	0	0	384385	0	0	0	8974475	0
FFQ	22	0	0	54	0	0	0	0	0	0	0	0	0	0	0	122338	0	0	0	0	0	0	30327	0	0	0	0	0	8612	0	0	0	0	396106	0	0	0	8951651	0
FFQ	23	0	0	328	0	0	0	0	0	0	0	0	0	0	0	114043	0	0	0	0	0	0	28377	0	0	0	0	0	10662	0	0	0	0	384983	0	0	0	8970695	0
FFQ	24	0	0	80	0	0	0	0	0	0	0	0	0	0	0	125635	0	0	0	0	0	0	26071	0	0	0	0	0	15413	0	0	0	0	392452	0	0	0	8949437	0
FFQ	25	0	0	86	0	0	0	0	0	0	0	0	0	0	0	124635	0	0	0	0	0	0	26722	0	0	0	0	0	22108	0	0	0	0	409927	0	0	0	8925610	0
FFQ	26	0	0	142	0	0	0	0	0	0	0	0	0	0	0	133418	0	0	0	0	0	0	30869	0	0	0	0	0	24228	0	0	0	0	411809	0	0	0	8901740	0
FFQ	27	0	0	121	0	0	0	0	0	0	0	0	0	0	0	131058	0	0	0	0	0	0	24671	0	0	0	0	0	26757	0	0	0	0	407247	0	0	0	8906280	0
FFQ	28	0	0	85	0	0	0	0	0	0	0	0	0	0	0	136440	0	0	0	0	0	0	23345	0	0	0	0	0	39358	0	0	0	0	404039	0	0	0	8886451	0
FFQ	29	0	0	75	0	0	0	0	0	0	0	0	0	0	0	128244	0	0	0	0	0	0	22000	0	0	0	0	0	39237	0	0	0	0	406170	0	0	0	8887709	0
FFQ	30	0	0	139	0	0	0	0	0	0	0	0	0	0	0	135861	0	0	0	0	0	0	21234	0	0	0	0	0	40896	0	0	0	0	404742	0	0	0	8874130	0
FFQ	31	0	0	53	0	0	0	0	0	0	0	0	0	0	0	131650	0	0	0	0	0	0	18039	0	0	0	0	0	45873	0	0	0	0	392574	0	0	0	8882424	0
FFQ	32	0	0	24	0	0	0	0	0	0	0	0	0	0	0	140497	0	0	0	0	0	0	16043	0	0	0	0	0	57557	0	0	0	0	401050	0	0	0	8849140	0
FFQ	33	0	0	60	0	0	0	0	0	0	0	0	0	0	0	136738	0	0	0	0	0	0	13383	0	0	0	0	0	63846	0	0	0	0	400935	0	0	0	8843221	0
FFQ	34	0	0	14	0	0	0	0	0	0	0	0	0	0	0	135468	0	0	0	0	0	0	13954	0	0	0	0	0	69256	0	0	0	0	402558	0	0	0	8829532	0
FFQ	35	0	0	25	0	0	0	0	0	0	0	0	0	0	0	137114	0	0	0	0	0	0	13846	0	0	0	0	0	61853	0	0	0	0	369589	0	0	0	8862179	0
FFQ	36	0	0	21	0	0	0	0	0	0	0	0	0	0	0	135730	0	0	0	0	0	0	15464	0	0	0	0	0	63710	0	0	0	0	378460	0	0	0	8845471	0
FFQ	37	0	0	11	0	0	0	0	0	0	0	0	0	0	0	134826	0	0	0	0	0	0	13068	0	0	0	0	0	70014	0	0	0	0	392620	0	0	0	8821595	0
FFQ	38	0	0	13	0	0	0	0	0	0	0	0	0	0	0	151737	0	0	0	0	0	0	13265	0	0	0	0	0	69165	0	0	0	0	411198	0	0	0	8780345	0
FFQ	39	0	0	32	0	0	0	0	0	0	0	0	0	0	0	142955	0	0	0	0	0	0	12671	0	0	0	0	0	60025	0	0	0	0	388631	0	0	0	8815321	0
FFQ	40	0	0	16	0	0	0	0	0	0	0	0	0	0	0	147659	0	0	0	0	0	0	12313	0	0	0	0	0	63463	0	0	0	0	415885	0	0	0	8773661	0
FFQ	41	0	0	53	0	0	0	0	0	0	0	0	0	0	0	137459	0	0	0	0	0	0	10873	0	0	0	0	0	66222	0	0	0	0	402764	0	0	0	8789608	0
FFQ	42	0	0	4	0	0	0	0	0	0	0	0	0	0	0	144230	0	0	0	0	0	0	11452	0	0	0	0	0	57321	0	0	0	0	389986	0	0	0	8798033	0
FFQ	43	0	0	6	0	0	0	0	0	0	0	0	0	0	0	138077	0	0	0	0	0	0	10554	0	0	0	0	0	55505	0	0	0	0	393122	0	0	0	8798207	0
FFQ	44	0	0	34	0	0	0	0	0	0	0	0	0	0	0	141920	0	0	0	0	0	0	11768	0	0	0	0	0	54162	0	0	0	0	384995	0	0	0	8796427	0
FFQ	45	0	0	2	0	0	0	0	0	0	0	0	0	0	0	144027	0	0	0	0	0	0	11583	0	0	0	0	0	58506	0	0	0	0	405133	0	0	0	8764297	0
FFQ	46	0	0	3	0	0	0	0	0	0	0	0	0	0	0	137499	0	0	0	0	0	0	11385	0	0	0	0	0	58628	0	0	0	0	400763	0	0	0	8769470	0
FFQ	47	0	0	2	0	0	0	0	0	0	0	0	0	0	0	145846	0	0	0	0	0	0	13519	0	0	0	0	0	58129	0	0	0	0	404488	0	0	0	8750240	0
FFQ	48	0	0	5	0	0	0	0	0	0	0	0	0	0	0	142199	0	0	0	0	0	0	13540	0	0	0	0	0	57492	0	0	0	0	395169	0	0	0	8758248	0
FFQ	49	0	0	61	0	0	0	0	0	0	0	0	0	0	0	143806	0	0	0	0	0	0	15690	0	0	0	0	0	56394	0	0	0	0	371605	0	0	0	8773283	0
FFQ	50	0	0	2	0	0	0	0	0	0	0	0	0	0	0	154868	0	0	0	0	0	0	19197	0	0	0	0	0	56069	0	0	0	0	380813	0	0	0	8744137	0
FFQ	51	0	0	11	0	0	0	0	0	0	0	0	0	0	0	149482	0	0	0	0	0	0	22837	0	0	0	0	0	69662	0	0	0	0	394585	0	0	0	8712780	0
FFQ	52	0	0	0	0	0	0	0	0	0	0	0	0	0	0	150608	0	0	0	0	0	0	25431	0	0	0	0	0	74218	0	0	0	0	380143	0	0	0	8712854	0
FFQ	53	0	0	1	0	0	0	0	0	0	0	0	0	0	0	148250	0	0	0	0	0	0	31384	0	0	0	0	0	73025	0	0	0	0	357865	0	0	0	8726850	0
FFQ	54	0	0	0	0	0	0	0	0	0	0	0	0	0	0	142883	0	0	0	0	0	0	36334	0	0	0	0	0	82129	0	0	0	0	364094	0	0	0	8705885	0
FFQ	55	0	0	27	0	0	0	0	0	0	0	0	0	0	0	148580	0	0	0	0	0	0	38707	0	0	0	0	0	87916	0	0	0	0	367694	0	0	0	8682174	0
FFQ	56	0	0	4	0	0	0	0	0	0	0	0	0	0	0	149124	0	0	0	0	0	0	45509	0	0	0	0	0	99158	0	0	0	0	387270	0	0	0	8638078	0
FFQ	57	0	0	10	0	0	0	0	0	0	0	0	0	0	0	147093	0	0	0	0	0	0	48992	0	0	0	0	0	102319	0	0	0	0	381710	0	0	0	8632922	0
FFQ	58	0	0	25	0	0	0	0	0	0	0	0	0	0	0	152403	0	0	0	0	0	0	47255	0	0	0	0	0	99718	0	0	0	0	367982	0	0	0	8639524	0
FFQ	59	0	0	19	0	0	0	0	0	0	0	0	0	0	0	147098	0	0	0	0	0	0	52627	0	0	0	0	0	107307	0	0	0	0	364224	0	0	0	8629107	0
FFQ	60	0	0	16	0	0	0	0	0	0	0	0	0	0	0	149009	0	0	0	0	0	0	55738	0	0	0	0	0	111420	0	0	0	0	365210	0	0	0	8612469	0
FFQ	61	0	0	9	0	0	0	0	0	0	0	0	0	0	0	155310	0	0	0	0	0	0	60953	0	0	0	0	0	124093	0	0	0	0	390074	0	0	0	8556685	0
FFQ	62	0	0	7	0	0	0	0	0	0	0	0	0	0	0	166462	0	0	0	0	0	0	65254	0	0	0	0	0	138788	0	0	0	0	429181	0	0	0	8480291	0
FFQ	63	0	0	11	0	0	0	0	0	0	0	0	0	0	0	158892	0	0	0	0	0	0	66448	0	0	0	0	0	140315	0	0	0	0	439526	0	0	0	8467901	0
FFQ	64	0	0	8	0	0	0	0	0	0	0	0	0	0	0	152103	0	0	0	0	0	0	65441	0	0	0	0	0	138782	0	0	0	0	435353	0	0	0	8473952	0
FFQ	65	0	0	9	0	0	0	0	0	0	0	0	0	0	0	157127	0	0	0	0	0	0	65920	0	0	0	0	0	147994	0	0	0	0	467278	0	0	0	8418923	0
FFQ	66	0	0	9	0	0	0	0	0	0	0	0	0	0	0	164118	0	0	0	0	0	0	70625	0	0	0	0	0	159842	0	0	0	0	525063	0	0	0	8329401	0
FFQ	67	0	0	35	0	0	0	0	0	0	0	0	0	0	0	156439	0	0	0	0	0	0	66594	0	0	0	0	0	155524	0	0	0	0	508608	0	0	0	8353323	0
FFQ	68	0	0	1	0	0	0	0	0	0	0	0	0	0	0	163133	0	0	0	0	0	0	65210	0	0	0	0	0	151908	0	0	0	0	520658	0	0	0	8330457	0
FFQ	69	0	0	0	0	0	0	0	0	0	0	0	0	0	0	154792	0	0	0	0	0	0	63978	0	0	0	0	0	151361	0	0	0	0	501454	0	0	0	8351270	0
FFQ	70	0	0	0	0	0	0	0	0	0	0	0	0	0	0	151268	0	0	0	0	0	0	60453	0	0	0	0	0	151259	0	0	0	0	531413	0	0	0	8319032	0
FFQ	71	0	0	10	0	0	0	0	0	0	0	0	0	0	0	160465	0	0	0	0	0	0	64289	0	0	0	0	0	170302	0	0	0	0	609831	0	0	0	8195597	0
FFQ	72	0	0	0	0	0	0	0	0	0	0	0	0	0	0	152313	0	0	0	0	0	0	59997	0	0	0	0	0	157792	0	0	0	0	596271	0	0	0	8213071	0
FFQ	73	0	0	0	0	0	0	0	0	0	0	0	0	0	0	157033	0	0	0	0	0	0	58080	0	0	0	0	0	163234	0	0	0	0	622231	0	0	0	8097755	0
FFQ	74	0	0	0	0	0	0	0	0	0	0	0	0	0	0	122884	0	0	0	0	0	0	58647	0	0	0	0	0	168610	0	0	0	0	657442	0	0	0	7514176	0
FFQ	75	0	0	0	0	0	0	0	0	0	0	0	0	0	0	0	0	0	0	0	0	0	47547	0	0	0	0	0	137396	0	0	0	0	489504	0	0	0	5834692	0
# Last Fragment Qualities. Use `grep ^LFQ | cut -f 2-` to extract this part.
# Columns correspond to qualities and rows to cycles. First column is the cycle number.
LFQ	1	0	0	0	0	0	0	0	0	0	0	0	0	0	0	128773	0	0	0	0	0	0	54003	0	0	0	0	0	1045	0	0	0	0	9325113	0	0	0	154	0
LFQ	2	0	0	538	0	0	0	0	0	0	0	0	0	0	0	163943	0	0	0	0	0	0	71759	0	0	0	0	0	3268	0	0	0	0	9268894	0	0	0	686	0
LFQ	3	0	0	69	0	0	0	0	0	0	0	0	0	0	0	135386	0	0	0	0	0	0	64331	0	0	0	0	0	1664	0	0	0	0	9305930	0	0	0	1708	0
LFQ	4	0	0	16	0	0	0	0	0	0	0	0	0	0	0	128383	0	0	0	0	0	0	77962	0	0	0	0	0	1455	0	0	0	0	9296612	0	0	0	4660	0
LFQ	5	0	0	30	0	0	0	0	0	0	0	0	0	0	0	125570	0	0	0	0	0	0	91473	0	0	0	0	0	1725	0	0	0	0	9278137	0	0	0	12153	0
LFQ	6	0	0	6	0	0	0	0	0	0	0	0	0	0	0	134978	0	0	0	0	0	0	95697	0	0	0	0	0	1586	0	0	0	0	324582	0	0	0	8952239	0
LFQ	7	0	0	9	0	0	0	0	0	0	0	0	0	0	0	144144	0	0	0	0	0	0	81093	0	0	0	0	0	1022	0	0	0	0	320393	0	0	0	8962427	0
LFQ	8	0	0	1	0	0	0	0	0	0	0	0	0	0	0	155835	0	0	0	0	0	0	84151	0	0	0	0	0	809	0	0	0	0	344306	0	0	0	8923986	0
LFQ	9	0	0	47	0	0	0	0	0	0	0	0	0	0	0	154132	0	0	0	0	0	0	82002	0	0	0	0	0	637	0	0	0	0	326548	0	0	0	8945722	0
LFQ	10	0	0	10	0	0	0	0	0	0	0	0	0	0	0	139709	0	0	0	0	0	0	95491	0	0	0	0	0	728	0	0	0	0	316658	0	0	0	8956492	0
LFQ	11	0	0	10	0	0	0	0	0	0	0	0	0	0	0	160431	0	0	0	0	0	0	82894	0	0	0	0	0	517	0	0	0	0	333763	0	0	0	8931473	0
LFQ	12	0	0	57	0	0	0	0	0	0	0	0	0	0	0	160190	0	0	0	0	0	0	82363	0	0	0	0	0	565	0	0	0	0	331121	0	0	0	8934792	0
LFQ	13	0	0	5	0	0	0	0	0	0	0	0	0	0	0	141868	0	0	0	0	0	0	93486	0	0	0	0	0	758	0	0	0	0	304171	0	0	0	8968800	0
LFQ	14	0	0	10	0	0	0	0	0	0	0	0	0	0	0	141357	0	0	0	0	0	0	105887	0	0	0	0	0	896	0	0	0	0	304601	0	0	0	8956337	0
LFQ	15	0	0	41	0	0	0	0	0	0	0	0	0	0	0	136655	0	0	0	0	0	0	110976	0	0	0	0	0	1069	0	0	0	0	289424	0	0	0	8970923	0
LFQ	16	0	0	77	0	0	0	0	0	0	0	0	0	0	0	146116	0	0	0	0	0	0	108398	0	0	0	0	0	1158	0	0	0	0	297899	0	0	0	8955440	0
LFQ	17	0	0	29	0	0	0	0	0	0	0	0	0	0	0	134177	0	0	0	0	0	0	114362	0	0	0	0	0	1524	0	0	0	0	281998	0	0	0	8976998	0
LFQ	18	0	0	35	0	0	0	0	0	0	0	0	0	0	0	170298	0	0	0	0	0	0	119544	0	0	0	0	0	1183	0	0	0	0	334880	0	0	0	8883148	0
LFQ	19	0	0	39	0	0	0	0	0	0	0	0	0	0	0	153042	0	0	0	0	0	0	113747	0	0	0	0	0	1315	0	0	0	0	315878	0	0	0	8925067	0
LFQ	20	0	0	0	0	0	0	0	0	0	0	0	0	0	0	137599	0	0	0	0	0	0	131112	0	0	0	0	0	1685	0	0	0	0	286578	0	0	0	8952114	0
LFQ	21	0	0	20	0	0	0	0	0	0	0	0	0	0	0	132965	0	0	0	0	0	0	135180	0	0	0	0	0	1861	0	0	0	0	281298	0	0	0	8957764	0
LFQ	22	0	0	20	0	0	0	0	0	0	0	0	0	0	0	138185	0	0	0	0	0	0	130365	0	0	0	0	0	2177	0	0	0	0	285426	0	0	0	8952915	0
LFQ	23	0	0	22	0	0	0	0	0	0	0	0	0	0	0	156021	0	0	0	0	0	0	132263	0	0	0	0	0	2382	0	0	0	0	300141	0	0	0	8918259	0
LFQ	24	0	0	17	0	0	0	0	0	0	0	0	0	0	0	184563	0	0	0	0	0	0	130094	0	0	0	0	0	2115	0	0	0	0	325129	0	0	0	8867170	0
LFQ	25	0	0	75	0	0	0	0	0	0	0	0	0	0	0	183170	0	0	0	0	0	0	131863	0	0	0	0	0	2399	0	0	0	0	328462	0	0	0	8863119	0
LFQ	26	0	0	50	0	0	0	0	0	0	0	0	0	0	0	159406	0	0	0	0	0	0	148726	0	0	0	0	0	3105	0	0	0	0	284698	0	0	0	8897699	0
LFQ	27	0	0	52	0	0	0	0	0	0	0	0	0	0	0	173715	0	0	0	0	0	0	150952	0	0	0	0	0	3571	0	0	0	0	300142	0	0	0	8849462	0
LFQ	28	0	0	15	0	0	0	0	0	0	0	0	0	0	0	192637	0	0	0	0	0	0	132309	0	0	0	0	0	4328	0	0	0	0	310534	0	0	0	8822777	0
LFQ	29	0	0	141	0	0	0	0	0	0	0	0	0	0	0	194366	0	0	0	0	0	0	142155	0	0	0	0	0	4472	0	0	0	0	317098	0	0	0	8789759	0
LFQ	30	0	0	9	0	0	0	0	0	0	0	0	0	0	0	170212	0	0	0	0	0	0	144525	0	0	0	0	0	3887	0	0	0	0	287234	0	0	0	8828248	0
LFQ	31	0	0	19	0	0	0	0	0	0	0	0	0	0	0	162677	0	0	0	0	0	0	148268	0	0	0	0	0	5046	0	0	0	0	275443	0	0	0	8828481	0
LFQ	32	0	0	11	0	0	0	0	0	0	0	0	0	0	0	194785	0	0	0	0	0	0	137181	0	0	0	0	0	5390	0	0	0	0	305381	0	0	0	8762148	0
LFQ	33	0	0	61	0	0	0	0	0	0	0	0	0	0	0	208640	0	0	0	0	0	0	121658	0	0	0	0	0	7291	0	0	0	0	317183	0	0	0	8736516	0
LFQ	34	0	0	47	0	0	0	0	0	0	0	0	0	0	0	202581	0	0	0	0	0	0	122636	0	0	0	0	0	7881	0	0	0	0	316815	0	0	0	8728402	0
LFQ	35	0	0	33	0	0	0	0	0	0	0	0	0	0	0	182874	0	0	0	0	0	0	114498	0	0	0	0	0	7655	0	0	0	0	283689	0	0	0	8776774	0
LFQ	36	0	0	14	0	0	0	0	0	0	0	0	0	0	0	183844	0	0	0	0	0	0	119573	0	0	0	0	0	8190	0	0	0	0	269640	0	0	0	8770677	0
LFQ	37	0	0	31	0	0	0	0	0	0	0	0	0	0	0	194706	0	0	0	0	0	0	109585	0	0	0	0	0	9022	0	0	0	0	280587	0	0	0	8745234	0
LFQ	38	0	0	83	0	0	0	0	0	0	0	0	0	0	0	208303	0	0	0	0	0	0	99345	0	0	0	0	0	11536	0	0	0	0	296729	0	0	0	8709583	0
LFQ	39	0	0	10	0	0	0	0	0	0	0	0	0	0	0	197928	0	0	0	0	0	0	103330	0	0	0	0	0	10039	0	0	0	0	278613	0	0	0	8723620	0
LFQ	40	0	0	10	0	0	0	0	0	0	0	0	0	0	0	220487	0	0	0	0	0	0	97460	0	0	0	0	0	10961	0	0	0	0	307430	0	0	0	8664709	0
LFQ	41	0	0	33	0	0	0	0	0	0	0	0	0	0	0	172544	0	0	0	0	0	0	100241	0	0	0	0	0	7890	0	0	0	0	252165	0	0	0	8757902	0
LFQ	42	0	0	47	0	0	0	0	0	0	0	0	0	0	0	189326	0	0	0	0	0	0	89767	0	0	0	0	0	11038	0	0	0	0	268135	0	0	0	8721408	0
LFQ	43	0	0	5	0	0	0	0	0	0	0	0	0	0	0	170778	0	0	0	0	0	0	84707	0	0	0	0	0	10556	0	0	0	0	251896	0	0	0	8751106	0
LFQ	44	0	0	55	0	0	0	0	0	0	0	0	0	0	0	199845	0	0	0	0	0	0	80386	0	0	0	0	0	11485	0	0	0	0	272143	0	0	0	8692056	0
LFQ	45	0	0	16	0	0	0	0	0	0	0	0	0	0	0	222821	0	0	0	0	0	0	84236	0	0	0	0	0	14331	0	0	0	0	299423	0	0	0	8621593	0
LFQ	46	0	0	56	0	0	0	0	0	0	0	0	0	0	0	234096	0	0	0	0	0	0	71795	0	0	0	0	0	16647	0	0	0	0	314498	0	0	0	8591422	0
LFQ	47	0	0	1	0	0	0	0	0	0	0	0	0	0	0	234237	0	0	0	0	0	0	66645	0	0	0	0	0	16305	0	0	0	0	308293	0	0	0	8589534	0
LFQ	48	0	0	16	0	0	0	0	0	0	0	0	0	0	0	218249	0	0	0	0	0	0	78863	0	0	0	0	0	10855	0	0	0	0	288004	0	0	0	8607283	0
LFQ	49	0	0	61	0	0	0	0	0	0	0	0	0	0	0	200861	0	0	0	0	0	0	73155	0	0	0	0	0	10532	0	0	0	0	270589	0	0	0	8636085	0
LFQ	50	0	0	37	0	0	0	0	0	0	0	0	0	0	0	199793	0	0	0	0	0	0	72802	0	0	0	0	0	8579	0	0	0	0	261094	0	0	0	8637604	0
LFQ	51	0	0	42	0	0	0	0	0	0	0	0	0	0	0	213096	0	0	0	0	0	0	68391	0	0	0	0	0	11298	0	0	0	0	268902	0	0	0	8606543	0
LFQ	52	0	0	100	0	0	0	0	0	0	0	0	0	0	0	217732	0	0	0	0	0	0	68874	0	0	0	0	0	12633	0	0	0	0	273525	0	0	0	8583801	0
LFQ	53	0	0	134	0	0	0	0	0	0	0	0	0	0	0	227935	0	0	0	0	0	0	58635	0	0	0	0	0	13621	0	0	0	0	291132	0	0	0	8552719	0
LFQ	54	0	0	76	0	0	0	0	0	0	0	0	0	0	0	234252	0	0	0	0	0	0	51003	0	0	0	0	0	15808	0	0	0	0	307645	0	0	0	8523458	0
LFQ	55	0	0	87	0	0	0	0	0	0	0	0	0	0	0	237242	0	0	0	0	0	0	55270	0	0	0	0	0	12833	0	0	0	0	293808	0	0	0	8521984	0
LFQ	56	0	0	96	0	0	0	0	0	0	0	0	0	0	0	218612	0	0	0	0	0	0	59210	0	0	0	0	0	10433	0	0	0	0	276108	0	0	0	8546335	0
LFQ	57	0	0	28	0	0	0	0	0	0	0	0	0	0	0	196104	0	0	0	0	0	0	64343	0	0	0	0	0	9922	0	0	0	0	250156	0	0	0	8578881	0
LFQ	58	0	0	97	0	0	0	0	0	0	0	0	0	0	0	216537	0	0	0	0	0	0	53942	0	0	0	0	0	14542	0	0	0	0	272641	0	0	0	8531142	0
LFQ	59	0	0	46	0	0	0	0	0	0	0	0	0	0	0	232678	0	0	0	0	0	0	50363	0	0	0	0	0	19924	0	0	0	0	289549	0	0	0	8484101	0
LFQ	60	0	0	38	0	0	0	0	0	0	0	0	0	0	0	232577	0	0	0	0	0	0	47963	0	0	0	0	0	21412	0	0	0	0	290165	0	0	0	8473533	0
LFQ	61	0	0	30	0	0	0	0	0	0	0	0	0	0	0	219182	0	0	0	0	0	0	43887	0	0	0	0	0	18147	0	0	0	0	273292	0	0	0	8499529	0
LFQ	62	0	0	58	0	0	0	0	0	0	0	0	0	0	0	243332	0	0	0	0	0	0	45577	0	0	0	0	0	22360	0	0	0	0	296309	0	0	0	8434490	0
LFQ	63	0	0	21	0	0	0	0	0	0	0	0	0	0	0	213858	0	0	0	0	0	0	49809	0	0	0	0	0	16400	0	0	0	0	256040	0	0	0	8495150	0
LFQ	64	0	0	53	0	0	0	0	0	0	0	0	0	0	0	226651	0	0	0	0	0	0	54878	0	0	0	0	0	23472	0	0	0	0	266113	0	0	0	8449137	0
LFQ	65	0	0	92	0	0	0	0	0	0	0	0	0	0	0	212032	0	0	0	0	0	0	60489	0	0	0	0	0	26747	0	0	0	0	263084	0	0	0	8447755	0
LFQ	66	0	0	81	0	0	0	0	0	0	0	0	0	0	0	214594	0	0	0	0	0	0	53620	0	0	0	0	0	22431	0	0	0	0	260402	0	0	0	8448622	0
LFQ	67	0	0	31	0	0	0	0	0	0	0	0	0	0	0	217270	0	0	0	0	0	0	49310	0	0	0	0	0	22205	0	0	0	0	257062	0	0	0	8443526	0
LFQ	68	0	0	29	0	0	0	0	0	0	0	0	0	0	0	222467	0	0	0	0	0	0	49579	0	0	0	0	0	25175	0	0	0	0	268754	0	0	0	8413401	0
LFQ	69	0	0	43	0	0	0	0	0	0	0	0	0	0	0	224121	0	0	0	0	0	0	48279	0	0	0	0	0	28702	0	0	0	0	286859	0	0	0	8380317	0
LFQ	70	0	0	81	0	0	0	0	0	0	0	0	0	0	0	230164	0	0	0	0	0	0	50575	0	0	0	0	0	38232	0	0	0	0	297628	0	0	0	8338498	0
LFQ	71	0	0	92	0	0	0	0	0	0	0	0	0	0	0	230829	0	0	0	0	0	0	43559	0	0	0	0	0	37564	0	0	0	0	306362	0	0	0	8317919	0
LFQ	72	0	0	46	0	0	0	0	0	0	0	0	0	0	0	206926	0	0	0	0	0	0	39321	0	0	0	0	0	26536	0	0	0	0	277662	0	0	0	8361910	0
LFQ	73	0	0	38	0	0	0	0	0	0	0	0	0	0	0	197255	0	0	0	0	0	0	40247	0	0	0	0	0	34064	0	0	0	0	319495	0	0	0	8199236	0
LFQ	74	0	0	63	0	0	0	0	0	0	0	0	0	0	0	142510	0	0	0	0	0	0	33868	0	0	0	0	0	35440	0	0	0	0	282991	0	0	0	7507187	0
LFQ	75	0	0	0	0	0	0	0	0	0	0	0	0	0	0	0	0	0	0	0	0	0	22397	0	0	0	0	0	24938	0	0	0	0	177259	0	0	0	6073338	0
# GC Content of first fragments. Use `grep ^GCF | cut -f 2-` to extract this part.
GCF	0.50	2
GCF	1.26	3
GCF	1.76	2
GCF	2.26	3
GCF	3.02	5
GCF	3.77	7
GCF	4.52	5
GCF	5.28	7
GCF	5.78	8
GCF	6.28	9
GCF	6.78	15
GCF	7.54	13
GCF	8.29	8
GCF	8.79	11
GCF	9.30	15
GCF	9.80	17
GCF	10.30	20
GCF	11.06	23
GCF	12.06	28
GCF	12.81	31
GCF	13.57	39
GCF	14.32	37
GCF	14.82	36
GCF	15.33	28
GCF	15.83	30
GCF	16.33	31
GCF	16.83	30
GCF	17.34	33
GCF	18.09	34
GCF	18.84	35
GCF	19.35	34
GCF	19.85	45
GCF	20.35	35
GCF	21.11	37
GCF	21.86	48
GCF	22.36	50
GCF	22.86	58
GCF	23.37	56
GCF	23.87	58
GCF	24.37	63
GCF	24.87	67
GCF	25.63	53
GCF	26.38	50
GCF	26.88	65
GCF	27.39	67
GCF	27.89	57
GCF	28.39	49
GCF	28.89	55
GCF	29.40	74
GCF	29.90	91
GCF	30.40	92
GCF	30.90	90
GCF	31.41	94
GCF	31.91	122
GCF	32.41	117
GCF	33.17	118
GCF	33.92	113
GCF	34.42	120
GCF	34.92	138
GCF	35.43	146
GCF	35.93	170
GCF	36.43	173
GCF	36.93	190
GCF	37.44	226
GCF	37.94	254
GCF	38.44	296
GCF	38.94	323
GCF	39.45	363
GCF	39.95	443
GCF	40.45	447
GCF	40.95	502
GCF	41.46	628
GCF	41.96	702
GCF	42.46	838
GCF	42.96	986
GCF	43.47	1099
GCF	43.97	1904
GCF	44.47	2337
GCF	44.97	2752
GCF	45.48	4422
GCF	45.98	5375
GCF	46.48	6633
GCF	46.98	7451
GCF	47.49	8370
GCF	47.99	14397
GCF	48.49	17974
GCF	48.99	18963
GCF	49.50	30422
GCF	50.00	42963
GCF	50.50	249423
GCF	51.01	250614
GCF	51.51	286607
GCF	52.01	361327
GCF	52.51	399981
GCF	53.02	401156
GCF	53.52	397698
GCF	54.02	508608
GCF	54.52	557691
GCF	55.03	493630
GCF	55.53	398190
GCF	56.03	572873
GCF	56.53	874661
GCF	57.04	876735
GCF	57.54	1098925
GCF	58.04	867719
GCF	58.54	947723
GCF	59.05	957130
GCF	59.55	1110952
GCF	60.05	1195338
GCF	60.55	1195809
GCF	61.06	1058571
GCF	61.56	1107314
GCF	62.06	1024414
GCF	62.56	682360
GCF	63.07	509508
GCF	63.57	541319
GCF	64.07	539141
GCF	64.57	540263
GCF	65.08	506847
GCF	65.58	418304
GCF	66.08	388077
GCF	66.58	323913
GCF	67.09	325620
GCF	67.59	299147
GCF	68.09	251062
GCF	68.59	246105
GCF	69.10	244756
GCF	69.60	243397
GCF	70.10	239366
GCF	70.60	213169
GCF	71.11	211256
GCF	71.61	204586
GCF	72.11	185610
GCF	72.61	184363
GCF	73.12	155517
GCF	73.62	154961
GCF	74.12	147605
GCF	74.62	127202
GCF	75.13	124913
GCF	75.63	119158
GCF	76.13	92202
GCF	76.63	88925
GCF	77.14	63628
GCF	77.64	63264
GCF	78.14	59804
GCF	78.64	44001
GCF	79.15	43265
GCF	79.65	39775
GCF	80.15	27185
GCF	80.65	25648
GCF	81.16	16456
GCF	81.66	16037
GCF	82.16	15239
GCF	82.66	9016
GCF	83.17	8657
GCF	83.67	7857
GCF	84.17	5691
GCF	84.67	5408
GCF	85.18	3359
GCF	85.68	3301
GCF	86.18	3086
GCF	86.68	2437
GCF	87.19	2322
GCF	87.69	2067
GCF	88.19	1569
GCF	88.69	1417
GCF	89.20	1033
GCF	89.70	943
GCF	90.20	889
GCF	90.70	770
GCF	91.21	714
GCF	91.71	652
GCF	92.21	537
GCF	92.71	426
GCF	93.22	332
GCF	93.72	241
GCF	94.22	221
GCF	94.72	207
GCF	95.23	204
GCF	95.73	202
GCF	96.23	337
GCF	96.73	408
GCF	97.24	457
GCF	97.74	491
GCF	98.24	523
GCF	99.25	609
# GC Content of last fragments. Use `grep ^GCL | cut -f 2-` to extract this part.
GCL	1.76	1
GCL	3.77	0
GCL	4.52	1
GCL	5.78	0
GCL	7.29	1
GCL	11.31	0
GCL	14.82	1
GCL	15.58	3
GCL	16.33	5
GCL	16.83	6
GCL	17.34	11
GCL	18.09	8
GCL	18.84	12
GCL	19.35	13
GCL	19.85	14
GCL	20.35	13
GCL	20.85	12
GCL	21.36	13
GCL	21.86	11
GCL	22.36	12
GCL	22.86	8
GCL	23.37	11
GCL	23.87	13
GCL	24.62	17
GCL	25.38	22
GCL	26.13	27
GCL	26.88	33
GCL	27.39	36
GCL	27.89	47
GCL	28.39	60
GCL	28.89	63
GCL	29.40	97
GCL	29.90	107
GCL	30.40	124
GCL	30.90	120
GCL	31.41	135
GCL	31.91	178
GCL	32.41	196
GCL	32.91	198
GCL	33.42	175
GCL	33.92	166
GCL	34.42	176
GCL	34.92	178
GCL	35.43	183
GCL	35.93	279
GCL	36.43	316
GCL	36.93	387
GCL	37.44	401
GCL	37.94	496
GCL	38.44	591
GCL	38.94	734
GCL	39.45	869
GCL	39.95	980
GCL	40.45	997
GCL	40.95	1126
GCL	41.46	1136
GCL	41.96	1131
GCL	42.46	1392
GCL	42.96	1669
GCL	43.47	1833
GCL	43.97	2471
GCL	44.47	2941
GCL	44.97	3449
GCL	45.48	4155
GCL	45.98	4895
GCL	46.48	7490
GCL	46.98	8077
GCL	47.49	10022
GCL	47.99	25567
GCL	48.49	32627
GCL	48.99	33906
GCL	49.50	50294
GCL	50.00	62040
GCL	50.50	92253
GCL	51.01	94744
GCL	51.51	105142
GCL	52.01	104796
GCL	52.51	133516
GCL	53.02	138706
GCL	53.52	267096
GCL	54.02	273987
GCL	54.52	428674
GCL	55.03	439689
GCL	55.53	553131
GCL	56.03	842915
GCL	56.53	875812
GCL	57.04	877927
GCL	57.54	1099417
GCL	58.04	1189172
GCL	58.54	1207754
GCL	59.05	1090086
GCL	59.55	1006683
GCL	60.05	1372283
GCL	60.55	1369842
GCL	61.06	1270925
GCL	61.56	852445
GCL	62.06	879254
GCL	62.56	615936
GCL	63.07	554531
GCL	63.57	509195
GCL	64.07	714066
GCL	64.57	768007
GCL	65.08	719546
GCL	65.58	366036
GCL	66.08	395522
GCL	66.58	351283
GCL	67.09	346936
GCL	67.59	303706
GCL	68.09	260029
GCL	68.59	256644
GCL	69.10	233105
GCL	69.60	231796
GCL	70.10	229537
GCL	70.60	210736
GCL	71.11	210049
GCL	71.61	201380
GCL	72.11	192093
GCL	72.61	189827
GCL	73.12	167861
GCL	73.62	166015
GCL	74.12	158876
GCL	74.62	134479
GCL	75.13	130951
GCL	75.63	121907
GCL	76.13	100334
GCL	76.63	97146
GCL	77.14	75696
GCL	77.64	74750
GCL	78.14	69242
GCL	78.64	43216
GCL	79.15	42506
GCL	79.65	39240
GCL	80.15	28424
GCL	80.65	27431
GCL	81.16	18771
GCL	81.66	18080
GCL	82.16	16880
GCL	82.66	11232
GCL	83.17	10759
GCL	83.67	9657
GCL	84.17	6486
GCL	84.67	5924
GCL	85.18	3615
GCL	85.68	3470
GCL	86.18	3271
GCL	86.68	2245
GCL	87.19	2163
GCL	87.69	1916
GCL	88.19	1483
GCL	88.69	1334
GCL	89.20	1082
GCL	89.70	1006
GCL	90.20	895
GCL	90.70	795
GCL	91.21	729
GCL	91.71	698
GCL	92.21	600
GCL	92.71	516
GCL	93.22	496
GCL	93.72	485
GCL	94.22	465
GCL	94.72	460
GCL	95.23	462
GCL	95.73	456
GCL	96.23	628
GCL	96.73	833
GCL	97.24	975
GCL	97.74	1149
GCL	98.24	1265
GCL	99.25	1332
# ACGT content per cycle. Use `grep ^GCC | cut -f 2-` to extract this part. The columns are: cycle; A,C,G,T base counts as a percentage of all A/C/G/T bases [%]; and N and O counts as a percentage of all A/C/G/T bases [%]
GCC	1	8.81	40.91	41.85	8.42	0.00	0.00
GCC	2	18.89	30.59	32.66	17.86	0.00	0.00
GCC	3	17.68	31.85	33.32	17.14	0.00	0.00
GCC	4	20.91	29.31	29.67	20.11	0.00	0.00
GCC	5	20.99	28.93	29.33	20.75	0.00	0.00
GCC	6	23.10	26.85	27.23	22.82	0.01	0.00
GCC	7	23.48	26.45	26.87	23.21	0.00	0.00
GCC	8	20.70	29.36	30.11	19.84	0.00	0.00
GCC	9	21.57	28.53	29.07	20.82	0.00	0.00
GCC	10	22.53	27.78	27.71	21.98	0.00	0.00
GCC	11	17.85	31.77	32.45	17.93	0.00	0.00
GCC	12	19.12	30.83	30.80	19.25	0.00	0.00
GCC	13	19.14	30.93	31.71	18.22	0.00	0.00
GCC	14	20.64	29.79	30.30	19.27	0.00	0.00
GCC	15	19.96	30.13	30.95	18.96	0.00	0.00
GCC	16	20.35	29.66	30.38	19.61	0.00	0.00
GCC	17	20.73	28.76	29.99	20.52	0.00	0.00
GCC	18	20.13	29.25	30.99	19.63	0.00	0.00
GCC	19	20.36	29.50	30.30	19.84	0.00	0.00
GCC	20	20.90	29.21	30.06	19.83	0.00	0.00
GCC	21	20.61	29.21	30.35	19.83	0.00	0.00
GCC	22	21.05	28.75	29.64	20.56	0.00	0.00
GCC	23	19.72	30.20	31.35	18.73	0.00	0.00
GCC	24	19.87	30.79	30.61	18.73	0.00	0.00
GCC	25	19.38	31.07	31.42	18.13	0.00	0.00
GCC	26	19.74	30.29	31.03	18.94	0.00	0.00
GCC	27	19.40	30.30	31.51	18.79	0.00	0.00
GCC	28	20.38	29.30	30.76	19.56	0.00	0.00
GCC	29	17.42	32.06	33.81	16.71	0.00	0.00
GCC	30	19.18	30.36	32.02	18.44	0.00	0.00
GCC	31	17.85	31.80	32.86	17.49	0.00	0.00
GCC	32	17.96	31.61	33.26	17.17	0.00	0.00
GCC	33	18.41	31.31	32.49	17.78	0.00	0.00
GCC	34	18.71	30.66	32.12	18.51	0.00	0.00
GCC	35	21.77	28.33	28.97	20.93	0.00	0.00
GCC	36	21.23	28.80	29.28	20.69	0.00	0.00
GCC	37	19.42	30.52	31.15	18.91	0.00	0.00
GCC	38	20.18	29.98	30.36	19.49	0.00	0.00
GCC	39	21.05	28.96	29.63	20.36	0.00	0.00
GCC	40	20.20	29.86	30.43	19.51	0.00	0.00
GCC	41	20.46	29.71	30.64	19.19	0.00	0.00
GCC	42	18.82	31.21	31.86	18.11	0.00	0.00
GCC	43	21.16	29.59	29.55	19.70	0.00	0.00
GCC	44	20.90	28.86	30.04	20.20	0.00	0.00
GCC	45	19.50	30.74	31.30	18.47	0.00	0.00
GCC	46	19.63	30.39	31.11	18.87	0.00	0.00
GCC	47	19.33	30.26	31.62	18.79	0.00	0.00
GCC	48	20.08	29.81	31.23	18.88	0.00	0.00
GCC	49	21.28	28.29	29.40	21.03	0.00	0.00
GCC	50	21.05	28.83	29.89	20.23	0.00	0.00
GCC	51	19.38	30.29	31.65	18.68	0.00	0.00
GCC	52	21.23	28.76	29.35	20.65	0.00	0.00
GCC	53	19.63	30.22	30.96	19.19	0.00	0.00
GCC	54	18.53	31.13	32.54	17.79	0.00	0.00
GCC	55	19.56	30.17	31.17	19.10	0.00	0.00
GCC	56	21.56	28.49	29.25	20.70	0.00	0.00
GCC	57	19.50	29.96	31.27	19.26	0.00	0.00
GCC	58	19.93	29.87	30.97	19.22	0.00	0.00
GCC	59	18.07	31.40	32.67	17.85	0.00	0.00
GCC	60	18.63	31.12	31.84	18.40	0.00	0.00
GCC	61	19.29	30.09	31.58	19.05	0.00	0.00
GCC	62	19.47	30.73	31.33	18.47	0.00	0.00
GCC	63	20.55	29.12	30.10	20.22	0.00	0.00
GCC	64	20.01	29.41	30.89	19.70	0.00	0.00
GCC	65	19.08	30.47	31.94	18.51	0.00	0.00
GCC	66	19.46	30.45	30.97	19.12	0.00	0.00
GCC	67	21.23	28.75	29.41	20.61	0.00	0.00
GCC	68	19.92	29.43	30.46	20.18	0.00	0.00
GCC	69	19.94	29.85	31.30	18.91	0.00	0.00
GCC	70	18.73	30.65	32.18	18.45	0.00	0.00
GCC	71	19.47	30.14	31.62	18.78	0.00	0.00
GCC	72	19.22	30.27	31.55	18.96	0.00	0.00
GCC	73	20.08	29.33	30.55	20.05	0.00	0.00
GCC	74	19.11	30.96	31.46	18.47	0.00	0.00
GCC	75	14.16	36.08	36.30	13.46	0.00	0.00
# ACGT content per cycle, read oriented. Use `grep ^GCT | cut -f 2-` to extract this part. The columns are: cycle; A,C,G,T base counts as a percentage of all A/C/G/T bases [%]
GCT	1	10.14	36.58	46.18	7.10
GCT	2	11.82	29.39	33.86	24.93
GCT	3	13.22	36.38	28.80	21.60
GCT	4	21.04	28.37	30.61	19.98
GCT	5	23.39	24.72	33.54	18.35
GCT	6	28.71	24.01	30.07	17.22
GCT	7	19.50	26.04	27.28	27.19
GCT	8	16.71	33.26	26.20	23.82
GCT	9	19.51	30.38	27.22	22.88
GCT	10	27.02	26.00	29.49	17.48
GCT	11	17.80	33.40	30.81	17.99
GCT	12	18.02	31.36	30.27	20.35
GCT	13	17.79	31.43	31.21	19.57
GCT	14	18.51	28.97	31.12	21.40
GCT	15	18.22	28.52	32.56	20.70
GCT	16	18.25	27.77	32.27	21.71
GCT	17	19.53	27.05	31.70	21.72
GCT	18	17.24	27.94	32.30	22.53
GCT	19	19.22	27.02	32.78	20.98
GCT	20	21.29	27.31	31.96	19.44
GCT	21	20.74	29.75	29.82	19.70
GCT	22	21.21	29.06	29.33	20.39
GCT	23	19.96	31.97	29.58	18.49
GCT	24	19.07	30.36	31.04	19.53
GCT	25	17.46	30.36	32.13	20.05
GCT	26	19.47	30.00	31.33	19.20
GCT	27	19.84	30.39	31.42	18.35
GCT	28	20.94	31.18	28.87	19.00
GCT	29	18.68	35.71	30.15	15.45
GCT	30	20.65	31.57	30.81	16.97
GCT	31	17.33	30.00	34.66	18.01
GCT	32	17.75	30.03	34.84	17.38
GCT	33	19.69	28.70	35.11	16.51
GCT	34	20.07	29.99	32.79	17.15
GCT	35	20.18	27.68	29.62	22.52
GCT	36	19.69	25.01	33.07	22.24
GCT	37	18.14	30.73	30.94	20.19
GCT	38	19.08	30.54	29.80	20.58
GCT	39	18.69	28.53	30.06	22.72
GCT	40	19.20	28.57	31.72	20.51
GCT	41	20.05	27.26	33.09	19.60
GCT	42	17.10	28.02	35.06	19.83
GCT	43	20.44	28.87	30.27	20.42
GCT	44	18.27	26.87	32.03	22.83
GCT	45	19.43	29.58	32.46	18.53
GCT	46	18.77	30.77	30.73	19.73
GCT	47	16.40	30.95	30.93	21.72
GCT	48	17.95	30.69	30.35	21.01
GCT	49	18.28	28.31	29.38	24.03
GCT	50	19.96	28.59	30.13	21.32
GCT	51	18.24	29.37	32.57	19.83
GCT	52	20.90	27.40	30.71	20.99
GCT	53	19.43	28.08	33.10	19.39
GCT	54	17.71	30.74	32.94	18.61
GCT	55	19.04	29.22	32.12	19.62
GCT	56	22.34	28.10	29.64	19.92
GCT	57	20.01	29.39	31.84	18.75
GCT	58	20.28	32.03	28.81	18.87
GCT	59	17.31	33.99	30.09	18.61
GCT	60	18.18	31.54	31.43	18.85
GCT	61	19.17	32.46	29.20	19.17
GCT	62	17.36	31.25	30.81	20.57
GCT	63	18.86	30.32	28.90	21.91
GCT	64	19.17	30.92	29.37	20.54
GCT	65	17.33	31.21	31.20	20.26
GCT	66	18.64	31.87	29.55	19.94
GCT	67	18.98	28.05	30.11	22.86
GCT	68	19.28	29.41	30.48	20.82
GCT	69	19.11	28.72	32.43	19.74
GCT	70	17.61	29.40	33.43	19.56
GCT	71	18.15	29.96	31.80	20.09
GCT	72	19.34	31.34	30.49	18.84
GCT	73	17.29	27.85	32.03	22.83
GCT	74	13.01	31.54	30.87	24.57
GCT	75	0.00	42.81	29.56	27.62
# ACGT content per cycle for first fragments. Use `grep ^FBC | cut -f 2-` to extract this part. The columns are: cycle; A,C,G,T base counts as a percentage of all A/C/G/T bases [%]; and N and O counts as a percentage of all A/C/G/T bases [%]
FBC	1	6.22	44.05	43.45	6.29	0.00	0.00
FBC	2	18.92	32.06	33.09	15.93	0.00	0.00
FBC	3	17.24	32.58	34.51	15.68	0.00	0.00
FBC	4	20.24	30.06	29.97	19.73	0.00	0.00
FBC	5	20.75	29.44	28.36	21.45	0.00	0.00
FBC	6	22.48	26.95	26.62	23.95	0.02	0.00
FBC	7	26.82	23.60	23.97	25.60	0.00	0.00
FBC	8	23.57	26.25	28.18	22.00	0.00	0.00
FBC	9	22.71	27.39	28.03	21.87	0.00	0.00
FBC	10	23.30	26.67	26.04	23.98	0.00	0.00
FBC	11	18.23	31.05	31.90	18.82	0.00	0.00
FBC	12	19.91	30.46	30.08	19.56	0.00	0.00
FBC	13	19.72	30.31	31.32	18.65	0.00	0.00
FBC	14	20.53	30.20	30.53	18.74	0.00	0.00
FBC	15	20.30	30.31	30.72	18.67	0.00	0.00
FBC	16	19.74	30.64	30.93	18.68	0.00	0.00
FBC	17	21.39	28.77	29.54	20.30	0.00	0.00
FBC	18	21.78	28.29	29.70	20.23	0.00	0.00
FBC	19	20.53	29.82	30.05	19.60	0.00	0.00
FBC	20	21.52	28.74	29.09	20.65	0.00	0.00
FBC	21	20.26	29.43	30.48	19.83	0.00	0.00
FBC	22	22.00	27.66	28.41	21.93	0.00	0.00
FBC	23	20.09	29.30	31.18	19.43	0.00	0.00
FBC	24	21.56	29.22	28.73	20.49	0.00	0.00
FBC	25	20.75	29.78	30.10	19.36	0.00	0.00
FBC	26	19.33	30.67	30.92	19.09	0.00	0.00
FBC	27	19.33	30.43	31.30	18.94	0.00	0.00
FBC	28	20.65	28.89	30.44	20.01	0.00	0.00
FBC	29	16.90	31.98	34.23	16.89	0.00	0.00
FBC	30	18.38	30.85	32.46	18.31	0.00	0.00
FBC	31	15.89	33.94	34.21	15.96	0.00	0.00
FBC	32	17.46	31.95	33.52	17.06	0.00	0.00
FBC	33	17.77	32.27	32.44	17.51	0.00	0.00
FBC	34	17.24	31.98	33.14	17.64	0.00	0.00
FBC	35	21.43	28.82	29.25	20.50	0.00	0.00
FBC	36	21.47	29.13	28.36	21.05	0.00	0.00
FBC	37	19.88	30.05	30.65	19.41	0.00	0.00
FBC	38	23.18	26.99	27.57	22.25	0.00	0.00
FBC	39	22.30	27.87	28.59	21.24	0.00	0.00
FBC	40	20.84	29.59	29.78	19.79	0.00	0.00
FBC	41	19.75	31.07	30.81	18.38	0.00	0.00
FBC	42	17.89	32.70	32.55	16.85	0.00	0.00
FBC	43	20.79	30.23	29.69	19.29	0.00	0.00
FBC	44	20.28	29.85	30.48	19.39	0.00	0.00
FBC	45	19.32	30.91	30.98	18.79	0.00	0.00
FBC	46	20.43	30.07	30.12	19.38	0.00	0.00
FBC	47	20.94	28.80	30.30	19.96	0.00	0.00
FBC	48	20.40	29.68	31.01	18.92	0.00	0.00
FBC	49	21.15	28.66	29.90	20.29	0.00	0.00
FBC	50	21.97	28.11	29.37	20.55	0.00	0.00
FBC	51	19.94	30.29	30.91	18.86	0.00	0.00
FBC	52	22.44	27.89	27.69	21.97	0.00	0.00
FBC	53	20.96	29.34	28.97	20.73	0.00	0.00
FBC	54	18.92	31.23	32.04	17.80	0.00	0.00
FBC	55	18.52	31.12	32.03	18.32	0.00	0.00
FBC	56	21.19	29.09	29.52	20.20	0.00	0.00
FBC	57	19.80	29.80	31.10	19.30	0.00	0.00
FBC	58	18.68	31.09	32.64	17.59	0.00	0.00
FBC	59	18.39	31.22	32.89	17.51	0.00	0.00
FBC	60	18.97	31.00	31.65	18.38	0.00	0.00
FBC	61	20.06	28.96	31.52	19.46	0.00	0.00
FBC	62	20.79	29.70	30.13	19.38	0.00	0.00
FBC	63	20.23	29.35	30.73	19.69	0.00	0.00
FBC	64	20.07	28.93	30.89	20.11	0.00	0.00
FBC	65	19.87	29.55	31.58	19.00	0.00	0.00
FBC	66	18.34	31.35	32.19	18.12	0.00	0.00
FBC	67	22.21	28.09	28.30	21.39	0.00	0.00
FBC	68	20.45	29.18	29.70	20.67	0.00	0.00
FBC	69	19.94	30.06	31.13	18.86	0.00	0.00
FBC	70	18.00	31.97	32.75	17.28	0.00	0.00
FBC	71	18.55	31.20	32.72	17.53	0.00	0.00
FBC	72	18.86	30.24	32.31	18.59	0.00	0.00
FBC	73	19.68	30.13	31.51	18.68	0.00	0.00
FBC	74	20.89	29.88	30.58	18.65	0.00	0.00
FBC	75	17.83	33.28	35.75	13.14	0.00	0.00
# ACGT raw counters for first fragments. Use `grep ^FTC | cut -f 2-` to extract this part. The columns are: A,C,G,T,N base counters
FTC	140313482	210632398	215782248	134919140	4383
# ACGT content per cycle for last fragments. Use `grep ^LBC | cut -f 2-` to extract this part. The columns are: cycle; A,C,G,T base counts as a percentage of all A/C/G/T bases [%]; and N and O counts as a percentage of all A/C/G/T bases [%]
LBC	1	11.41	37.78	40.25	10.56	0.00	0.00
LBC	2	18.85	29.11	32.24	19.79	0.01	0.00
LBC	3	18.12	31.13	32.14	18.61	0.00	0.00
LBC	4	21.59	28.56	29.37	20.48	0.00	0.00
LBC	5	21.23	28.43	30.30	20.05	0.00	0.00
LBC	6	23.73	26.74	27.83	21.70	0.00	0.00
LBC	7	20.14	29.29	29.77	20.81	0.00	0.00
LBC	8	17.83	32.47	32.03	17.67	0.00	0.00
LBC	9	20.43	29.68	30.11	19.77	0.00	0.00
LBC	10	21.76	28.89	29.38	19.97	0.00	0.00
LBC	11	17.48	32.48	32.99	17.04	0.00	0.00
LBC	12	18.34	31.20	31.53	18.94	0.00	0.00
LBC	13	18.56	31.55	32.10	17.79	0.00	0.00
LBC	14	20.75	29.38	30.08	19.80	0.00	0.00
LBC	15	19.62	29.96	31.18	19.24	0.00	0.00
LBC	16	20.96	28.67	29.84	20.53	0.00	0.00
LBC	17	20.08	28.74	30.44	20.74	0.00	0.00
LBC	18	18.48	30.21	32.27	19.04	0.00	0.00
LBC	19	20.19	29.17	30.56	20.08	0.00	0.00
LBC	20	20.28	29.67	31.03	19.01	0.00	0.00
LBC	21	20.95	28.99	30.23	19.83	0.00	0.00
LBC	22	20.09	29.84	30.87	19.20	0.00	0.00
LBC	23	19.34	31.10	31.52	18.03	0.00	0.00
LBC	24	18.18	32.36	32.49	16.96	0.00	0.00
LBC	25	18.01	32.37	32.73	16.89	0.00	0.00
LBC	26	20.15	29.92	31.15	18.79	0.00	0.00
LBC	27	19.47	30.17	31.73	18.63	0.00	0.00
LBC	28	20.11	29.71	31.08	19.11	0.00	0.00
LBC	29	17.94	32.13	33.40	16.53	0.00	0.00
LBC	30	19.99	29.87	31.58	18.57	0.00	0.00
LBC	31	19.82	29.65	31.50	19.03	0.00	0.00
LBC	32	18.46	31.26	32.99	17.29	0.00	0.00
LBC	33	19.05	30.35	32.54	18.06	0.00	0.00
LBC	34	20.20	29.32	31.10	19.38	0.00	0.00
LBC	35	22.12	27.84	28.68	21.35	0.00	0.00
LBC	36	20.99	28.47	30.20	20.34	0.00	0.00
LBC	37	18.96	30.99	31.65	18.40	0.00	0.00
LBC	38	17.14	33.00	33.17	16.69	0.00	0.00
LBC	39	19.79	30.06	30.69	19.46	0.00	0.00
LBC	40	19.55	30.14	31.08	19.23	0.00	0.00
LBC	41	21.18	28.33	30.48	20.01	0.00	0.00
LBC	42	19.75	29.70	31.16	19.38	0.00	0.00
LBC	43	21.54	28.94	29.40	20.12	0.00	0.00
LBC	44	21.53	27.85	29.60	21.02	0.00	0.00
LBC	45	19.68	30.57	31.62	18.14	0.00	0.00
LBC	46	18.81	30.73	32.11	18.35	0.00	0.00
LBC	47	17.69	31.74	32.96	17.60	0.00	0.00
LBC	48	19.75	29.94	31.46	18.85	0.00	0.00
LBC	49	21.42	27.91	28.90	21.78	0.00	0.00
LBC	50	20.12	29.55	30.42	19.90	0.00	0.00
LBC	51	18.81	30.28	32.41	18.50	0.00	0.00
LBC	52	20.00	29.65	31.05	19.30	0.00	0.00
LBC	53	18.26	31.13	32.99	17.62	0.00	0.00
LBC	54	18.13	31.03	33.06	17.78	0.00	0.00
LBC	55	20.62	29.19	30.28	19.90	0.00	0.00
LBC	56	21.95	27.87	28.98	21.20	0.00	0.00
LBC	57	19.20	30.13	31.45	19.22	0.00	0.00
LBC	58	21.22	28.62	29.27	20.89	0.00	0.00
LBC	59	17.74	31.59	32.46	18.21	0.00	0.00
LBC	60	18.29	31.24	32.04	18.43	0.00	0.00
LBC	61	18.50	31.24	31.64	18.62	0.00	0.00
LBC	62	18.11	31.79	32.57	17.53	0.00	0.00
LBC	63	20.89	28.88	29.46	20.77	0.00	0.00
LBC	64	19.96	29.90	30.88	19.27	0.00	0.00
LBC	65	18.28	31.42	32.30	18.00	0.00	0.00
LBC	66	20.61	29.52	29.72	20.14	0.00	0.00
LBC	67	20.22	29.42	30.55	19.81	0.00	0.00
LBC	68	19.38	29.69	31.26	19.67	0.00	0.00
LBC	69	19.93	29.63	31.47	18.96	0.00	0.00
LBC	70	19.47	29.28	31.59	19.65	0.00	0.00
LBC	71	20.41	29.05	30.49	20.05	0.00	0.00
LBC	72	19.59	30.31	30.76	19.34	0.00	0.00
LBC	73	20.49	28.50	29.55	21.46	0.00	0.00
LBC	74	17.22	32.10	32.40	18.28	0.00	0.00
LBC	75	10.37	38.98	36.86	13.80	0.00	0.00
# ACGT raw counters for last fragments. Use `grep ^LTC | cut -f 2-` to extract this part. The columns are: A,C,G,T,N base counters
LTC	135151044	209195099	216976294	131817858	3598
# Insert sizes. Use `grep ^IS | cut -f 2-` to extract this part. The columns are: insert size, pairs total, inward oriented pairs, outward oriented pairs, other pairs
IS	0	16	0	16	0
IS	1	0	0	0	0
IS	2	7	0	7	0
IS	3	22	0	22	0
IS	4	12	0	12	0
IS	5	18	0	18	0
IS	6	16	0	15	1
IS	7	29	0	28	1
IS	8	21	0	21	0
IS	9	14	0	14	0
IS	10	21	0	21	0
IS	11	16	0	16	0
IS	12	10	0	10	0
IS	13	20	0	19	1
IS	14	13	0	13	0
IS	15	18	0	18	0
IS	16	17	0	17	0
IS	17	19	0	19	0
IS	18	25	0	25	0
IS	19	29	3	26	0
IS	20	13	2	11	0
IS	21	24	2	22	0
IS	22	15	2	13	0
IS	23	33	0	33	0
IS	24	33	0	33	0
IS	25	31	2	29	0
IS	26	33	2	31	0
IS	27	31	7	24	0
IS	28	31	0	31	0
IS	29	42	2	40	0
IS	30	45	6	38	1
IS	31	40	7	32	1
IS	32	42	5	34	3
IS	33	50	4	43	3
IS	34	52	9	43	0
IS	35	75	12	61	2
IS	36	57	15	38	4
IS	37	42	9	33	0
IS	38	58	16	42	0
IS	39	57	15	41	1
IS	40	89	41	48	0
IS	41	83	21	61	1
IS	42	68	33	35	0
IS	43	72	31	41	0
IS	44	98	58	37	3
IS	45	102	35	63	4
IS	46	103	44	59	0
IS	47	137	70	62	5
IS	48	147	74	73	0
IS	49	148	68	79	1
IS	50	183	98	85	0
IS	51	223	108	115	0
IS	52	254	112	140	2
IS	53	240	113	127	0
IS	54	284	128	156	0
IS	55	383	191	192	0
IS	56	372	180	192	0
IS	57	447	218	227	2
IS	58	470	256	213	1
IS	59	512	240	272	0
IS	60	622	315	306	1
IS	61	640	307	333	0
IS	62	784	416	368	0
IS	63	840	443	395	2
IS	64	946	505	441	0
IS	65	1065	546	516	3
IS	66	1080	563	517	0
IS	67	1179	576	602	1
IS	68	1524	724	800	0
IS	69	1832	892	940	0
IS	70	2381	1135	1246	0
IS	71	2632	1353	1277	2
IS	72	3064	1425	1639	0
IS	73	3997	1890	2104	3
IS	74	4367	2311	2055	1
IS	75	5351	3223	2128	0
IS	76	5520	5512	8	0
IS	77	5956	5954	2	0
IS	78	6020	6020	0	0
IS	79	6777	6776	0	1
IS	80	7527	7527	0	0
IS	81	8208	8205	3	0
IS	82	9384	9383	0	1
IS	83	10746	10746	0	0
IS	84	11515	11513	2	0
IS	85	12871	12864	0	7
IS	86	12959	12959	0	0
IS	87	14686	14686	0	0
IS	88	16738	16737	1	0
IS	89	17327	17326	0	1
IS	90	19466	19465	1	0
IS	91	18654	18652	1	1
IS	92	22766	22766	0	0
IS	93	24113	24113	0	0
IS	94	26824	26824	0	0
IS	95	30412	30412	0	0
IS	96	29772	29771	0	1
IS	97	30363	30363	0	0
IS	98	33498	33496	0	2
IS	99	33230	33230	0	0
IS	100	36571	36569	2	0
IS	101	38777	38777	0	0
IS	102	39817	39816	1	0
IS	103	42336	42336	0	0
IS	104	44271	44271	0	0
IS	105	48063	48062	1	0
IS	106	51511	51511	0	0
IS	107	55555	55555	0	0
IS	108	56564	56564	0	0
IS	109	67519	67519	0	0
IS	110	82212	82212	0	0
IS	111	70488	70487	0	1
IS	112	73044	73044	0	0
IS	113	69713	69713	0	0
IS	114	74976	74973	2	1
IS	115	78181	78181	0	0
IS	116	78709	78709	0	0
IS	117	78564	78564	0	0
IS	118	81854	81854	0	0
IS	119	84740	84740	0	0
IS	120	82328	82328	0	0
IS	121	85430	85430	0	0
IS	122	93274	93274	0	0
IS	123	92658	92658	0	0
IS	124	94176	94176	0	0
IS	125	93032	93031	1	0
IS	126	92580	92579	1	0
IS	127	89106	89106	0	0
IS	128	97364	97357	1	6
IS	129	108328	108328	0	0
IS	130	129366	129366	0	0
IS	131	127027	127027	0	0
IS	132	110891	110891	0	0
IS	133	98530	98529	1	0
IS	134	98123	98122	0	1
IS	135	90592	90592	0	0
IS	136	90606	90606	0	0
IS	137	97135	97135	0	0
IS	138	92236	92236	0	0
IS	139	100087	100086	1	0
IS	140	107433	107433	0	0
IS	141	105939	105939	0	0
IS	142	99602	99602	0	0
IS	143	91938	91938	0	0
IS	144	89654	89654	0	0
IS	145	88774	88773	0	1
IS	146	88309	88309	0	0
IS	147	87232	87231	0	1
IS	148	83935	83935	0	0
IS	149	77150	77150	0	0
IS	150	72358	72358	0	0
IS	151	71381	71378	3	0
IS	152	72227	72227	0	0
IS	153	77318	77318	0	0
IS	154	74871	74871	0	0
IS	155	82615	82615	0	0
IS	156	76904	76904	0	0
IS	157	87665	87665	0	0
IS	158	78357	78356	1	0
IS	159	76889	76888	1	0
IS	160	73294	73294	0	0
IS	161	71982	71982	0	0
IS	162	73598	73598	0	0
IS	163	72973	72973	0	0
IS	164	78730	78730	0	0
IS	165	84649	84649	0	0
IS	166	74182	74182	0	0
IS	167	79668	79667	1	0
IS	168	73812	73812	0	0
IS	169	71562	71562	0	0
IS	170	65632	65632	0	0
IS	171	58303	58303	0	0
IS	172	67216	67215	0	1
IS	173	61822	61822	0	0
IS	174	59880	59880	0	0
IS	175	65533	65533	0	0
IS	176	83390	83390	0	0
IS	177	75788	75788	0	0
IS	178	70722	70722	0	0
IS	179	61729	61728	0	1
IS	180	51171	51171	0	0
IS	181	56530	56530	0	0
IS	182	50634	50634	0	0
IS	183	49088	49088	0	0
IS	184	47842	47842	0	0
IS	185	50550	50550	0	0
IS	186	55287	55287	0	0
IS	187	57880	57880	0	0
IS	188	62472	62472	0	0
IS	189	47351	47351	0	0
IS	190	46134	46134	0	0
IS	191	42165	42165	0	0
IS	192	44745	44744	1	0
IS	193	43252	43252	0	0
IS	194	41077	41076	1	0
IS	195	45582	45582	0	0
IS	196	44628	44628	0	0
IS	197	42711	42711	0	0
IS	198	46800	46800	0	0
IS	199	42232	42232	0	0
IS	200	42581	42581	0	0
IS	201	40988	40988	0	0
IS	202	43322	43321	0	1
IS	203	39200	39200	0	0
IS	204	33255	33255	0	0
IS	205	33320	33320	0	0
IS	206	32276	32274	2	0
IS	207	29990	29987	3	0
IS	208	29796	29795	1	0
IS	209	29752	29752	0	0
IS	210	29275	29275	0	0
IS	211	34001	33998	3	0
IS	212	27520	27519	1	0
IS	213	32321	32321	0	0
IS	214	27957	27957	0	0
IS	215	29611	29611	0	0
IS	216	30322	30321	0	1
IS	217	27545	27545	0	0
IS	218	31478	31478	0	0
IS	219	27826	27826	0	0
IS	220	28783	28783	0	0
IS	221	26942	26936	0	6
IS	222	25178	25178	0	0
IS	223	25640	25639	1	0
IS	224	23837	23836	1	0
IS	225	25713	25713	0	0
IS	226	24298	24298	0	0
IS	227	36792	36792	0	0
IS	228	46625	46625	0	0
IS	229	32066	32064	2	0
IS	230	26672	26672	0	0
IS	231	21429	21429	0	0
IS	232	23597	23597	0	0
IS	233	28727	28727	0	0
IS	234	19630	19630	0	0
IS	235	16449	16449	0	0
IS	236	18132	18132	0	0
IS	237	19399	19399	0	0
IS	238	20472	20472	0	0
IS	239	17090	17090	0	0
IS	240	15276	15276	0	0
IS	241	16803	16803	0	0
IS	242	15716	15716	0	0
IS	243	15464	15464	0	0
IS	244	18025	18025	0	0
IS	245	18859	18859	0	0
IS	246	22145	22145	0	0
IS	247	17446	17446	0	0
IS	248	15839	15839	0	0
IS	249	13941	13941	0	0
IS	250	12649	12649	0	0
IS	251	10986	10986	0	0
IS	252	13009	13009	0	0
IS	253	11156	11156	0	0
IS	254	10179	10179	0	0
IS	255	11766	11766	0	0
IS	256	12663	12663	0	0
IS	257	11991	11990	0	1
IS	258	10716	10716	0	0
IS	259	9186	9186	0	0
IS	260	8640	8640	0	0
IS	261	7392	7392	0	0
IS	262	7297	7296	1	0
IS	263	6535	6535	0	0
IS	264	6510	6510	0	0
IS	265	6553	6553	0	0
IS	266	5694	5694	0	0
IS	267	5389	5389	0	0
IS	268	5162	5162	0	0
IS	269	5036	5036	0	0
IS	270	5658	5654	4	0
IS	271	4701	4701	0	0
IS	272	5048	5048	0	0
IS	273	5056	5056	0	0
IS	274	4952	4952	0	0
IS	275	5180	5179	1	0
IS	276	4271	4271	0	0
IS	277	3924	3924	0	0
IS	278	3381	3381	0	0
# Read lengths. Use `grep ^RL | cut -f 2-` to extract this part. The columns are: read length, count
RL	25	22286
RL	26	21862
RL	27	21710
RL	28	20892
RL	29	20309
RL	30	20570
RL	31	21340
RL	32	19675
RL	33	20388
RL	34	19015
RL	35	19335
RL	36	19495
RL	37	19997
RL	38	18127
RL	39	19121
RL	40	16300
RL	41	17007
RL	42	16228
RL	43	19243
RL	44	19308
RL	45	19706
RL	46	19023
RL	47	17316
RL	48	17801
RL	49	17127
RL	50	17366
RL	51	17710
RL	52	18368
RL	53	17984
RL	54	17245
RL	55	16385
RL	56	17457
RL	57	16672
RL	58	18765
RL	59	17493
RL	60	18359
RL	61	19082
RL	62	17738
RL	63	18428
RL	64	18493
RL	65	18642
RL	66	18881
RL	67	19155
RL	68	19596
RL	69	22573
RL	70	31784
RL	71	44974
RL	72	203177
RL	73	1364850
RL	74	3716747
RL	75	12807071
# Read lengths - first fragments. Use `grep ^FRL | cut -f 2-` to extract this part. The columns are: read length, count
FRL	25	6882
FRL	26	6072
FRL	27	6416
FRL	28	6283
FRL	29	6433
FRL	30	6389
FRL	31	6302
FRL	32	6128
FRL	33	7401
FRL	34	6176
FRL	35	5750
FRL	36	6722
FRL	37	6411
FRL	38	6088
FRL	39	6638
FRL	40	6018
FRL	41	5953
FRL	42	5555
FRL	43	6165
FRL	44	5758
FRL	45	5800
FRL	46	5524
FRL	47	5571
FRL	48	5814
FRL	49	5753
FRL	50	5729
FRL	51	6103
FRL	52	5879
FRL	53	6050
FRL	54	6227
FRL	55	5955
FRL	56	6097
FRL	57	6139
FRL	58	6525
FRL	59	6520
FRL	60	6738
FRL	61	7141
FRL	62	6890
FRL	63	7454
FRL	64	8388
FRL	65	8193
FRL	66	8535
FRL	67	9156
FRL	68	8512
FRL	69	9430
FRL	70	12931
FRL	71	21050
FRL	72	81111
FRL	73	576574
FRL	74	2012620
FRL	75	6509139
# Read lengths - last fragments. Use `grep ^LRL | cut -f 2-` to extract this part. The columns are: read length, count
LRL	25	15404
LRL	26	15790
LRL	27	15294
LRL	28	14609
LRL	29	13876
LRL	30	14181
LRL	31	15038
LRL	32	13547
LRL	33	12987
LRL	34	12839
LRL	35	13585
LRL	36	12773
LRL	37	13586
LRL	38	12039
LRL	39	12483
LRL	40	10282
LRL	41	11054
LRL	42	10673
LRL	43	13078
LRL	44	13550
LRL	45	13906
LRL	46	13499
LRL	47	11745
LRL	48	11987
LRL	49	11374
LRL	50	11637
LRL	51	11607
LRL	52	12489
LRL	53	11934
LRL	54	11018
LRL	55	10430
LRL	56	11360
LRL	57	10533
LRL	58	12240
LRL	59	10973
LRL	60	11621
LRL	61	11941
LRL	62	10848
LRL	63	10974
LRL	64	10105
LRL	65	10449
LRL	66	10346
LRL	67	9999
LRL	68	11084
LRL	69	13143
LRL	70	18853
LRL	71	23924
LRL	72	122066
LRL	73	788276
LRL	74	1704127
LRL	75	6297932
# Mapping qualities for reads !(UNMAP|SECOND|SUPPL|QCFAIL|DUP). Use `grep ^MAPQ | cut -f 2-` to extract this part. The columns are: mapq, count
MAPQ	0	12234739
MAPQ	1	312
MAPQ	2	3
MAPQ	3	193
MAPQ	4	4794
MAPQ	5	72
MAPQ	6	380
MAPQ	7	1212
MAPQ	8	91
MAPQ	9	268
MAPQ	10	4097
MAPQ	11	199
MAPQ	12	376
MAPQ	13	406
MAPQ	14	13
MAPQ	15	179
MAPQ	16	4466
MAPQ	17	174
MAPQ	18	258
MAPQ	19	472
MAPQ	21	307
MAPQ	22	178817
MAPQ	23	5453
MAPQ	24	3480
MAPQ	25	7817
MAPQ	26	256
MAPQ	27	11719
MAPQ	28	11533
MAPQ	29	181
MAPQ	30	229
MAPQ	31	762
MAPQ	32	80
MAPQ	33	700
MAPQ	34	5238
MAPQ	35	91
MAPQ	36	150
MAPQ	37	471
MAPQ	38	32
MAPQ	39	1103
MAPQ	40	217883
MAPQ	41	1717
MAPQ	42	802
MAPQ	43	742
MAPQ	44	2857
MAPQ	45	1756
MAPQ	46	6931
MAPQ	47	48732
MAPQ	48	2107
MAPQ	49	3939
MAPQ	50	6707
MAPQ	51	1589
MAPQ	52	26491
MAPQ	53	668
MAPQ	54	2994
MAPQ	55	939
MAPQ	56	991
MAPQ	57	1841
MAPQ	58	1623
MAPQ	59	225
MAPQ	60	6087957
# Indel distribution. Use `grep ^ID | cut -f 2-` to extract this part. The columns are: length, number of insertions, number of deletions
ID	1	19307	23575
ID	2	424	5126
ID	3	64	489
ID	4	15	109
ID	5	7	31
ID	6	2	48
ID	7	2	6
ID	8	2	9
ID	9	2	5
ID	10	0	11
ID	11	0	2
ID	12	2	28
ID	13	0	14
ID	14	0	16
ID	15	0	6
ID	16	0	34
ID	17	0	1
ID	18	0	4
ID	20	0	4
ID	21	0	3
ID	24	0	6
ID	25	0	6
ID	26	0	1
ID	27	0	12
ID	28	0	2
ID	30	0	2
ID	32	0	5
ID	33	0	1
# Indels per cycle. Use `grep ^IC | cut -f 2-` to extract this part. The columns are: cycle, number of insertions (fwd), .. (rev) , number of deletions (fwd), .. (rev)
IC	3	0	0	1105	217
IC	4	296	131	461	182
IC	5	178	52	123	141
IC	6	70	221	92	146
IC	7	35	37	81	145
IC	8	49	40	153	188
IC	9	38	42	120	158
IC	10	22	44	142	208
IC	11	16	75	147	203
IC	12	17	41	152	201
IC	13	9	60	156	224
IC	14	16	13	148	282
IC	15	44	95	188	247
IC	16	43	23	190	254
IC	17	25	198	195	210
IC	18	128	645	227	206
IC	19	19	121	207	198
IC	20	45	517	205	211
IC	21	29	55	192	231
IC	22	38	479	184	231
IC	23	90	329	218	241
IC	24	55	815	235	201
IC	25	93	85	268	253
IC	26	144	64	240	182
IC	27	98	430	222	247
IC	28	132	92	219	190
IC	29	35	181	243	169
IC	30	26	401	222	190
IC	31	80	281	200	197
IC	32	55	75	189	224
IC	33	14	71	178	217
IC	34	30	84	199	253
IC	35	35	277	164	239
IC	36	27	47	223	204
IC	37	39	72	220	267
IC	38	57	87	202	223
IC	39	79	75	268	256
IC	40	46	221	229	232
IC	41	24	126	230	177
IC	42	31	223	196	206
IC	43	16	111	223	196
IC	44	33	75	200	224
IC	45	17	344	191	211
IC	46	30	88	206	201
IC	47	29	59	241	249
IC	48	23	141	200	205
IC	49	19	169	266	208
IC	50	48	299	243	201
IC	51	50	68	269	205
IC	52	101	59	172	239
IC	53	88	135	206	223
IC	54	83	336	222	247
IC	55	188	300	275	229
IC	56	509	235	239	207
IC	57	1050	547	235	182
IC	58	164	58	212	259
IC	59	1621	397	214	219
IC	60	195	117	206	219
IC	61	56	44	166	212
IC	62	203	64	195	254
IC	63	155	197	207	223
IC	64	177	718	197	227
IC	65	159	194	238	166
IC	66	50	5	227	237
IC	67	462	55	185	196
IC	68	38	12	223	182
IC	69	37	9	160	173
IC	70	29	6	153	140
IC	71	58	14	124	91
IC	72	43	8	84	68
# Coverage distribution. Use `grep ^COV | cut -f 2-` to extract this part.
COV	[1-1]	1	686988
COV	[2-2]	2	568236
COV	[3-3]	3	422673
COV	[4-4]	4	358609
COV	[5-5]	5	277946
COV	[6-6]	6	250250
COV	[7-7]	7	203580
COV	[8-8]	8	183226
COV	[9-9]	9	156791
COV	[10-10]	10	142526
COV	[11-11]	11	124209
COV	[12-12]	12	113813
COV	[13-13]	13	101201
COV	[14-14]	14	90833
COV	[15-15]	15	85190
COV	[16-16]	16	78464
COV	[17-17]	17	70045
COV	[18-18]	18	65480
COV	[19-19]	19	64065
COV	[20-20]	20	59263
COV	[21-21]	21	54160
COV	[22-22]	22	50356
COV	[23-23]	23	48139
COV	[24-24]	24	45183
COV	[25-25]	25	42506
COV	[26-26]	26	39890
COV	[27-27]	27	37810
COV	[28-28]	28	36061
COV	[29-29]	29	33803
COV	[30-30]	30	32618
COV	[31-31]	31	30605
COV	[32-32]	32	29824
COV	[33-33]	33	28705
COV	[34-34]	34	26982
COV	[35-35]	35	26190
COV	[36-36]	36	24952
COV	[37-37]	37	24257
COV	[38-38]	38	23287
COV	[39-39]	39	22563
COV	[40-40]	40	21820
COV	[41-41]	41	20831
COV	[42-42]	42	19922
COV	[43-43]	43	19222
COV	[44-44]	44	18202
COV	[45-45]	45	18127
COV	[46-46]	46	17564
COV	[47-47]	47	17014
COV	[48-48]	48	16037
COV	[49-49]	49	16047
COV	[50-50]	50	15266
COV	[51-51]	51	14706
COV	[52-52]	52	14492
COV	[53-53]	53	14033
COV	[54-54]	54	13886
COV	[55-55]	55	12920
COV	[56-56]	56	12942
COV	[57-57]	57	12262
COV	[58-58]	58	11869
COV	[59-59]	59	11909
COV	[60-60]	60	11192
COV	[61-61]	61	10684
COV	[62-62]	62	10803
COV	[63-63]	63	10413
COV	[64-64]	64	10285
COV	[65-65]	65	9895
COV	[66-66]	66	9776
COV	[67-67]	67	9613
COV	[68-68]	68	9078
COV	[69-69]	69	9119
COV	[70-70]	70	8528
COV	[71-71]	71	8534
COV	[72-72]	72	8156
COV	[73-73]	73	8416
COV	[74-74]	74	8034
COV	[75-75]	75	7909
COV	[76-76]	76	7696
COV	[77-77]	77	7615
COV	[78-78]	78	7363
COV	[79-79]	79	7439
COV	[80-80]	80	7010
COV	[81-81]	81	6769
COV	[82-82]	82	6572
COV	[83-83]	83	6566
COV	[84-84]	84	6285
COV	[85-85]	85	6308
COV	[86-86]	86	6159
COV	[87-87]	87	5916
COV	[88-88]	88	5758
COV	[89-89]	89	5794
COV	[90-90]	90	5684
COV	[91-91]	91	5686
COV	[92-92]	92	5586
COV	[93-93]	93	5239
COV	[94-94]	94	5186
COV	[95-95]	95	5284
COV	[96-96]	96	5169
COV	[97-97]	97	4981
COV	[98-98]	98	4848
COV	[99-99]	99	4888
COV	[100-100]	100	4620
COV	[101-101]	101	4604
COV	[102-102]	102	4637
COV	[103-103]	103	4562
COV	[104-104]	104	4317
COV	[105-105]	105	4359
COV	[106-106]	106	4332
COV	[107-107]	107	4134
COV	[108-108]	108	3955
COV	[109-109]	109	3857
COV	[110-110]	110	4088
COV	[111-111]	111	3876
COV	[112-112]	112	3971
COV	[113-113]	113	3814
COV	[114-114]	114	3833
COV	[115-115]	115	3801
COV	[116-116]	116	3517
COV	[117-117]	117	3794
COV	[118-118]	118	3707
COV	[119-119]	119	3517
COV	[120-120]	120	3598
COV	[121-121]	121	3228
COV	[122-122]	122	3353
COV	[123-123]	123	3302
COV	[124-124]	124	3406
COV	[125-125]	125	3298
COV	[126-126]	126	3332
COV	[127-127]	127	3134
COV	[128-128]	128	3302
COV	[129-129]	129	3124
COV	[130-130]	130	3152
COV	[131-131]	131	3029
COV	[132-132]	132	3083
COV	[133-133]	133	3013
COV	[134-134]	134	2925
COV	[135-135]	135	2964
COV	[136-136]	136	2827
COV	[137-137]	137	2835
COV	[138-138]	138	2712
COV	[139-139]	139	2715
COV	[140-140]	140	2667
COV	[141-141]	141	2677
COV	[142-142]	142	2588
COV	[143-143]	143	2683
COV	[144-144]	144	2614
COV	[145-145]	145	2517
COV	[146-146]	146	2531
COV	[147-147]	147	2562
COV	[148-148]	148	2477
COV	[149-149]	149	2384
COV	[150-150]	150	2261
COV	[151-151]	151	2436
COV	[152-152]	152	2294
COV	[153-153]	153	2215
COV	[154-154]	154	2375
COV	[155-155]	155	2266
COV	[156-156]	156	2202
COV	[157-157]	157	2219
COV	[158-158]	158	2127
COV	[159-159]	159	2082
COV	[160-160]	160	2132
COV	[161-161]	161	1995
COV	[162-162]	162	2017
COV	[163-163]	163	2055
COV	[164-164]	164	2003
COV	[165-165]	165	2021
COV	[166-166]	166	1843
COV	[167-167]	167	1922
COV	[168-168]	168	1786
COV	[169-169]	169	1727
COV	[170-170]	170	1732
COV	[171-171]	171	1732
COV	[172-172]	172	1812
COV	[173-173]	173	1818
COV	[174-174]	174	1734
COV	[175-175]	175	1731
COV	[176-176]	176	1827
COV	[177-177]	177	1662
COV	[178-178]	178	1711
COV	[179-179]	179	1573
COV	[180-180]	180	1548
COV	[181-181]	181	1549
COV	[182-182]	182	1582
COV	[183-183]	183	1538
COV	[184-184]	184	1610
COV	[185-185]	185	1551
COV	[186-186]	186	1494
COV	[187-187]	187	1535
COV	[188-188]	188	1571
COV	[189-189]	189	1478
COV	[190-190]	190	1482
COV	[191-191]	191	1513
COV	[192-192]	192	1387
COV	[193-193]	193	1471
COV	[194-194]	194	1522
COV	[195-195]	195	1414
COV	[196-196]	196	1426
COV	[197-197]	197	1402
COV	[198-198]	198	1420
COV	[199-199]	199	1356
COV	[200-200]	200	1319
COV	[201-201]	201	1366
COV	[202-202]	202	1315
COV	[203-203]	203	1272
COV	[204-204]	204	1199
COV	[205-205]	205	1327
COV	[206-206]	206	1253
COV	[207-207]	207	1291
COV	[208-208]	208	1310
COV	[209-209]	209	1153
COV	[210-210]	210	1187
COV	[211-211]	211	1179
COV	[212-212]	212	1187
COV	[213-213]	213	1270
COV	[214-214]	214	1235
COV	[215-215]	215	1152
COV	[216-216]	216	1097
COV	[217-217]	217	1086
COV	[218-218]	218	1120
COV	[219-219]	219	1176
COV	[220-220]	220	1166
COV	[221-221]	221	1117
COV	[222-222]	222	1141
COV	[223-223]	223	1153
COV	[224-224]	224	1062
COV	[225-225]	225	1024
COV	[226-226]	226	1046
COV	[227-227]	227	1103
COV	[228-228]	228	1078
COV	[229-229]	229	1035
COV	[230-230]	230	993
COV	[231-231]	231	991
COV	[232-232]	232	1055
COV	[233-233]	233	995
COV	[234-234]	234	942
COV	[235-235]	235	959
COV	[236-236]	236	1005
COV	[237-237]	237	954
COV	[238-238]	238	946
COV	[239-239]	239	946
COV	[240-240]	240	921
COV	[241-241]	241	838
COV	[242-242]	242	921
COV	[243-243]	243	897
COV	[244-244]	244	882
COV	[245-245]	245	909
COV	[246-246]	246	947
COV	[247-247]	247	891
COV	[248-248]	248	899
COV	[249-249]	249	869
COV	[250-250]	250	932
COV	[251-251]	251	856
COV	[252-252]	252	907
COV	[253-253]	253	786
COV	[254-254]	254	832
COV	[255-255]	255	800
COV	[256-256]	256	842
COV	[257-257]	257	862
COV	[258-258]	258	808
COV	[259-259]	259	779
COV	[260-260]	260	808
COV	[261-261]	261	834
COV	[262-262]	262	832
COV	[263-263]	263	789
COV	[264-264]	264	799
COV	[265-265]	265	792
COV	[266-266]	266	791
COV	[267-267]	267	797
COV	[268-268]	268	717
COV	[269-269]	269	740
COV	[270-270]	270	685
COV	[271-271]	271	670
COV	[272-272]	272	702
COV	[273-273]	273	705
COV	[274-274]	274	692
COV	[275-275]	275	642
COV	[276-276]	276	652
COV	[277-277]	277	679
COV	[278-278]	278	741
COV	[279-279]	279	684
COV	[280-280]	280	681
COV	[281-281]	281	645
COV	[282-282]	282	650
COV	[283-283]	283	641
COV	[284-284]	284	608
COV	[285-285]	285	676
COV	[286-286]	286	638
COV	[287-287]	287	625
COV	[288-288]	288	606
COV	[289-289]	289	620
COV	[290-290]	290	643
COV	[291-291]	291	597
COV	[292-292]	292	582
COV	[293-293]	293	656
COV	[294-294]	294	618
COV	[295-295]	295	633
COV	[296-296]	296	587
COV	[297-297]	297	583
COV	[298-298]	298	571
COV	[299-299]	299	602
COV	[300-300]	300	583
COV	[301-301]	301	556
COV	[302-302]	302	601
COV	[303-303]	303	575
COV	[304-304]	304	556
COV	[305-305]	305	581
COV	[306-306]	306	541
COV	[307-307]	307	553
COV	[308-308]	308	532
COV	[309-309]	309	485
COV	[310-310]	310	505
COV	[311-311]	311	534
COV	[312-312]	312	503
COV	[313-313]	313	475
COV	[314-314]	314	491
COV	[315-315]	315	490
COV	[316-316]	316	491
COV	[317-317]	317	521
COV	[318-318]	318	564
COV	[319-319]	319	471
COV	[320-320]	320	529
COV	[321-321]	321	500
COV	[322-322]	322	508
COV	[323-323]	323	583
COV	[324-324]	324	514
COV	[325-325]	325	514
COV	[326-326]	326	521
COV	[327-327]	327	481
COV	[328-328]	328	472
COV	[329-329]	329	498
COV	[330-330]	330	524
COV	[331-331]	331	460
COV	[332-332]	332	481
COV	[333-333]	333	486
COV	[334-334]	334	544
COV	[335-335]	335	473
COV	[336-336]	336	460
COV	[337-337]	337	477
COV	[338-338]	338	500
COV	[339-339]	339	536
COV	[340-340]	340	478
COV	[341-341]	341	494
COV	[342-342]	342	496
COV	[343-343]	343	477
COV	[344-344]	344	460
COV	[345-345]	345	527
COV	[346-346]	346	497
COV	[347-347]	347	439
COV	[348-348]	348	485
COV	[349-349]	349	441
COV	[350-350]	350	462
COV	[351-351]	351	502
COV	[352-352]	352	503
COV	[353-353]	353	461
COV	[354-354]	354	462
COV	[355-355]	355	457
COV	[356-356]	356	414
COV	[357-357]	357	417
COV	[358-358]	358	431
COV	[359-359]	359	482
COV	[360-360]	360	406
COV	[361-361]	361	463
COV	[362-362]	362	438
COV	[363-363]	363	413
COV	[364-364]	364	390
COV	[365-365]	365	395
COV	[366-366]	366	450
COV	[367-367]	367	400
COV	[368-368]	368	360
COV	[369-369]	369	397
COV	[370-370]	370	414
COV	[371-371]	371	402
COV	[372-372]	372	377
COV	[373-373]	373	404
COV	[374-374]	374	395
COV	[375-375]	375	389
COV	[376-376]	376	400
COV	[377-377]	377	407
COV	[378-378]	378	399
COV	[379-379]	379	384
COV	[380-380]	380	389
COV	[381-381]	381	414
COV	[382-382]	382	391
COV	[383-383]	383	385
COV	[384-384]	384	389
COV	[385-385]	385	361
COV	[386-386]	386	386
COV	[387-387]	387	394
COV	[388-388]	388	374
COV	[389-389]	389	354
COV	[390-390]	390	347
COV	[391-391]	391	345
COV	[392-392]	392	386
COV	[393-393]	393	332
COV	[394-394]	394	395
COV	[395-395]	395	316
COV	[396-396]	396	337
COV	[397-397]	397	353
COV	[398-398]	398	357
COV	[399-399]	399	325
COV	[400-400]	400	310
COV	[401-401]	401	333
COV	[402-402]	402	332
COV	[403-403]	403	336
COV	[404-404]	404	344
COV	[405-405]	405	332
COV	[406-406]	406	356
COV	[407-407]	407	348
COV	[408-408]	408	359
COV	[409-409]	409	309
COV	[410-410]	410	354
COV	[411-411]	411	359
COV	[412-412]	412	321
COV	[413-413]	413	366
COV	[414-414]	414	332
COV	[415-415]	415	348
COV	[416-416]	416	333
COV	[417-417]	417	329
COV	[418-418]	418	345
COV	[419-419]	419	349
COV	[420-420]	420	306
COV	[421-421]	421	365
COV	[422-422]	422	315
COV	[423-423]	423	316
COV	[424-424]	424	320
COV	[425-425]	425	328
COV	[426-426]	426	319
COV	[427-427]	427	366
COV	[428-428]	428	312
COV	[429-429]	429	300
COV	[430-430]	430	313
COV	[431-431]	431	326
COV	[432-432]	432	309
COV	[433-433]	433	319
COV	[434-434]	434	300
COV	[435-435]	435	315
COV	[436-436]	436	267
COV	[437-437]	437	308
COV	[438-438]	438	294
COV	[439-439]	439	329
COV	[440-440]	440	295
COV	[441-441]	441	264
COV	[442-442]	442	305
COV	[443-443]	443	284
COV	[444-444]	444	270
COV	[445-445]	445	288
COV	[446-446]	446	265
COV	[447-447]	447	290
COV	[448-448]	448	316
COV	[449-449]	449	269
COV	[450-450]	450	288
COV	[451-451]	451	276
COV	[452-452]	452	295
COV	[453-453]	453	274
COV	[454-454]	454	287
COV	[455-455]	455	292
COV	[456-456]	456	255
COV	[457-457]	457	276
COV	[458-458]	458	301
COV	[459-459]	459	291
COV	[460-460]	460	281
COV	[461-461]	461	300
COV	[462-462]	462	282
COV	[463-463]	463	267
COV	[464-464]	464	286
COV	[465-465]	465	245
COV	[466-466]	466	264
COV	[467-467]	467	276
COV	[468-468]	468	269
COV	[469-469]	469	270
COV	[470-470]	470	277
COV	[471-471]	471	262
COV	[472-472]	472	231
COV	[473-473]	473	257
COV	[474-474]	474	242
COV	[475-475]	475	270
COV	[476-476]	476	269
COV	[477-477]	477	273
COV	[478-478]	478	221
COV	[479-479]	479	230
COV	[480-480]	480	251
COV	[481-481]	481	260
COV	[482-482]	482	221
COV	[483-483]	483	242
COV	[484-484]	484	219
COV	[485-485]	485	225
COV	[486-486]	486	233
COV	[487-487]	487	256
COV	[488-488]	488	250
COV	[489-489]	489	249
COV	[490-490]	490	270
COV	[491-491]	491	273
COV	[492-492]	492	225
COV	[493-493]	493	211
COV	[494-494]	494	241
COV	[495-495]	495	220
COV	[496-496]	496	225
COV	[497-497]	497	198
COV	[498-498]	498	253
COV	[499-499]	499	237
COV	[500-500]	500	231
COV	[501-501]	501	225
COV	[502-502]	502	232
COV	[503-503]	503	248
COV	[504-504]	504	242
COV	[505-505]	505	236
COV	[506-506]	506	240
COV	[507-507]	507	208
COV	[508-508]	508	237
COV	[509-509]	509	231
COV	[510-510]	510	242
COV	[511-511]	511	239
COV	[512-512]	512	226
COV	[513-513]	513	232
COV	[514-514]	514	225
COV	[515-515]	515	210
COV	[516-516]	516	243
COV	[517-517]	517	230
COV	[518-518]	518	224
COV	[519-519]	519	256
COV	[520-520]	520	203
COV	[521-521]	521	213
COV	[522-522]	522	228
COV	[523-523]	523	220
COV	[524-524]	524	212
COV	[525-525]	525	205
COV	[526-526]	526	222
COV	[527-527]	527	204
COV	[528-528]	528	238
COV	[529-529]	529	214
COV	[530-530]	530	218
COV	[531-531]	531	229
COV	[532-532]	532	219
COV	[533-533]	533	227
COV	[534-534]	534	200
COV	[535-535]	535	260
COV	[536-536]	536	235
COV	[537-537]	537	226
COV	[538-538]	538	235
COV	[539-539]	539	219
COV	[540-540]	540	228
COV	[541-541]	541	216
COV	[542-542]	542	195
COV	[543-543]	543	186
COV	[544-544]	544	191
COV	[545-545]	545	201
COV	[546-546]	546	186
COV	[547-547]	547	197
COV	[548-548]	548	200
COV	[549-549]	549	198
COV	[550-550]	550	192
COV	[551-551]	551	183
COV	[552-552]	552	195
COV	[553-553]	553	185
COV	[554-554]	554	181
COV	[555-555]	555	177
COV	[556-556]	556	198
COV	[557-557]	557	197
COV	[558-558]	558	172
COV	[559-559]	559	212
COV	[560-560]	560	176
COV	[561-561]	561	197
COV	[562-562]	562	186
COV	[563-563]	563	158
COV	[564-564]	564	180
COV	[565-565]	565	163
COV	[566-566]	566	188
COV	[567-567]	567	190
COV	[568-568]	568	167
COV	[569-569]	569	170
COV	[570-570]	570	181
COV	[571-571]	571	155
COV	[572-572]	572	167
COV	[573-573]	573	177
COV	[574-574]	574	160
COV	[575-575]	575	206
COV	[576-576]	576	185
COV	[577-577]	577	206
COV	[578-578]	578	190
COV	[579-579]	579	176
COV	[580-580]	580	159
COV	[581-581]	581	177
COV	[582-582]	582	185
COV	[583-583]	583	169
COV	[584-584]	584	159
COV	[585-585]	585	159
COV	[586-586]	586	167
COV	[587-587]	587	153
COV	[588-588]	588	189
COV	[589-589]	589	173
COV	[590-590]	590	191
COV	[591-591]	591	158
COV	[592-592]	592	166
COV	[593-593]	593	181
COV	[594-594]	594	173
COV	[595-595]	595	180
COV	[596-596]	596	175
COV	[597-597]	597	167
COV	[598-598]	598	190
COV	[599-599]	599	187
COV	[600-600]	600	149
COV	[601-601]	601	154
COV	[602-602]	602	176
COV	[603-603]	603	163
COV	[604-604]	604	190
COV	[605-605]	605	156
COV	[606-606]	606	168
COV	[607-607]	607	191
COV	[608-608]	608	157
COV	[609-609]	609	163
COV	[610-610]	610	156
COV	[611-611]	611	160
COV	[612-612]	612	159
COV	[613-613]	613	153
COV	[614-614]	614	161
COV	[615-615]	615	141
COV	[616-616]	616	152
COV	[617-617]	617	150
COV	[618-618]	618	165
COV	[619-619]	619	147
COV	[620-620]	620	144
COV	[621-621]	621	134
COV	[622-622]	622	155
COV	[623-623]	623	133
COV	[624-624]	624	159
COV	[625-625]	625	137
COV	[626-626]	626	176
COV	[627-627]	627	158
COV	[628-628]	628	147
COV	[629-629]	629	142
COV	[630-630]	630	171
COV	[631-631]	631	151
COV	[632-632]	632	138
COV	[633-633]	633	162
COV	[634-634]	634	179
COV	[635-635]	635	167
COV	[636-636]	636	168
COV	[637-637]	637	150
COV	[638-638]	638	165
COV	[639-639]	639	140
COV	[640-640]	640	160
COV	[641-641]	641	146
COV	[642-642]	642	157
COV	[643-643]	643	153
COV	[644-644]	644	145
COV	[645-645]	645	128
COV	[646-646]	646	137
COV	[647-647]	647	115
COV	[648-648]	648	136
COV	[649-649]	649	142
COV	[650-650]	650	136
COV	[651-651]	651	140
COV	[652-652]	652	147
COV	[653-653]	653	128
COV	[654-654]	654	131
COV	[655-655]	655	170
COV	[656-656]	656	150
COV	[657-657]	657	129
COV	[658-658]	658	167
COV	[659-659]	659	134
COV	[660-660]	660	137
COV	[661-661]	661	137
COV	[662-662]	662	155
COV	[663-663]	663	139
COV	[664-664]	664	136
COV	[665-665]	665	136
COV	[666-666]	666	139
COV	[667-667]	667	124
COV	[668-668]	668	151
COV	[669-669]	669	150
COV	[670-670]	670	124
COV	[671-671]	671	127
COV	[672-672]	672	143
COV	[673-673]	673	130
COV	[674-674]	674	155
COV	[675-675]	675	151
COV	[676-676]	676	124
COV	[677-677]	677	138
COV	[678-678]	678	136
COV	[679-679]	679	128
COV	[680-680]	680	133
COV	[681-681]	681	110
COV	[682-682]	682	133
COV	[683-683]	683	119
COV	[684-684]	684	146
COV	[685-685]	685	111
COV	[686-686]	686	118
COV	[687-687]	687	122
COV	[688-688]	688	115
COV	[689-689]	689	119
COV	[690-690]	690	132
COV	[691-691]	691	144
COV	[692-692]	692	122
COV	[693-693]	693	122
COV	[694-694]	694	114
COV	[695-695]	695	113
COV	[696-696]	696	132
COV	[697-697]	697	122
COV	[698-698]	698	140
COV	[699-699]	699	141
COV	[700-700]	700	140
COV	[701-701]	701	127
COV	[702-702]	702	101
COV	[703-703]	703	112
COV	[704-704]	704	118
COV	[705-705]	705	120
COV	[706-706]	706	118
COV	[707-707]	707	102
COV	[708-708]	708	106
COV	[709-709]	709	116
COV	[710-710]	710	136
COV	[711-711]	711	114
COV	[712-712]	712	112
COV	[713-713]	713	124
COV	[714-714]	714	128
COV	[715-715]	715	120
COV	[716-716]	716	123
COV	[717-717]	717	120
COV	[718-718]	718	94
COV	[719-719]	719	127
COV	[720-720]	720	117
COV	[721-721]	721	119
COV	[722-722]	722	118
COV	[723-723]	723	120
COV	[724-724]	724	111
COV	[725-725]	725	113
COV	[726-726]	726	117
COV	[727-727]	727	126
COV	[728-728]	728	106
COV	[729-729]	729	117
COV	[730-730]	730	110
COV	[731-731]	731	109
COV	[732-732]	732	116
COV	[733-733]	733	126
COV	[734-734]	734	118
COV	[735-735]	735	103
COV	[736-736]	736	101
COV	[737-737]	737	110
COV	[738-738]	738	120
COV	[739-739]	739	97
COV	[740-740]	740	126
COV	[741-741]	741	124
COV	[742-742]	742	127
COV	[743-743]	743	114
COV	[744-744]	744	102
COV	[745-745]	745	95
COV	[746-746]	746	103
COV	[747-747]	747	112
COV	[748-748]	748	118
COV	[749-749]	749	109
COV	[750-750]	750	136
COV	[751-751]	751	130
COV	[752-752]	752	130
COV	[753-753]	753	135
COV	[754-754]	754	109
COV	[755-755]	755	123
COV	[756-756]	756	119
COV	[757-757]	757	112
COV	[758-758]	758	110
COV	[759-759]	759	102
COV	[760-760]	760	101
COV	[761-761]	761	119
COV	[762-762]	762	106
COV	[763-763]	763	112
COV	[764-764]	764	117
COV	[765-765]	765	102
COV	[766-766]	766	111
COV	[767-767]	767	105
COV	[768-768]	768	97
COV	[769-769]	769	108
COV	[770-770]	770	114
COV	[771-771]	771	84
COV	[772-772]	772	100
COV	[773-773]	773	108
COV	[774-774]	774	92
COV	[775-775]	775	96
COV	[776-776]	776	100
COV	[777-777]	777	98
COV	[778-778]	778	82
COV	[779-779]	779	99
COV	[780-780]	780	98
COV	[781-781]	781	74
COV	[782-782]	782	116
COV	[783-783]	783	87
COV	[784-784]	784	92
COV	[785-785]	785	104
COV	[786-786]	786	110
COV	[787-787]	787	94
COV	[788-788]	788	104
COV	[789-789]	789	95
COV	[790-790]	790	101
COV	[791-791]	791	96
COV	[792-792]	792	100
COV	[793-793]	793	98
COV	[794-794]	794	104
COV	[795-795]	795	87
COV	[796-796]	796	90
COV	[797-797]	797	104
COV	[798-798]	798	105
COV	[799-799]	799	100
COV	[800-800]	800	90
COV	[801-801]	801	105
COV	[802-802]	802	83
COV	[803-803]	803	102
COV	[804-804]	804	92
COV	[805-805]	805	97
COV	[806-806]	806	67
COV	[807-807]	807	91
COV	[808-808]	808	91
COV	[809-809]	809	83
COV	[810-810]	810	83
COV	[811-811]	811	85
COV	[812-812]	812	69
COV	[813-813]	813	88
COV	[814-814]	814	100
COV	[815-815]	815	107
COV	[816-816]	816	89
COV	[817-817]	817	87
COV	[818-818]	818	83
COV	[819-819]	819	81
COV	[820-820]	820	92
COV	[821-821]	821	89
COV	[822-822]	822	83
COV	[823-823]	823	89
COV	[824-824]	824	88
COV	[825-825]	825	96
COV	[826-826]	826	95
COV	[827-827]	827	81
COV	[828-828]	828	82
COV	[829-829]	829	80
COV	[830-830]	830	93
COV	[831-831]	831	81
COV	[832-832]	832	109
COV	[833-833]	833	89
COV	[834-834]	834	76
COV	[835-835]	835	98
COV	[836-836]	836	89
COV	[837-837]	837	99
COV	[838-838]	838	88
COV	[839-839]	839	73
COV	[840-840]	840	89
COV	[841-841]	841	72
COV	[842-842]	842	72
COV	[843-843]	843	89
COV	[844-844]	844	94
COV	[845-845]	845	94
COV	[846-846]	846	75
COV	[847-847]	847	75
COV	[848-848]	848	61
COV	[849-849]	849	66
COV	[850-850]	850	69
COV	[851-851]	851	76
COV	[852-852]	852	92
COV	[853-853]	853	76
COV	[854-854]	854	78
COV	[855-855]	855	75
COV	[856-856]	856	79
COV	[857-857]	857	93
COV	[858-858]	858	97
COV	[859-859]	859	78
COV	[860-860]	860	90
COV	[861-861]	861	105
COV	[862-862]	862	69
COV	[863-863]	863	82
COV	[864-864]	864	89
COV	[865-865]	865	93
COV	[866-866]	866	80
COV	[867-867]	867	83
COV	[868-868]	868	78
COV	[869-869]	869	77
COV	[870-870]	870	92
COV	[871-871]	871	78
COV	[872-872]	872	77
COV	[873-873]	873	84
COV	[874-874]	874	76
COV	[875-875]	875	84
COV	[876-876]	876	71
COV	[877-877]	877	72
COV	[878-878]	878	53
COV	[879-879]	879	79
COV	[880-880]	880	75
COV	[881-881]	881	79
COV	[882-882]	882	68
COV	[883-883]	883	82
COV	[884-884]	884	84
COV	[885-885]	885	89
COV	[886-886]	886	77
COV	[887-887]	887	78
COV	[888-888]	888	89
COV	[889-889]	889	81
COV	[890-890]	890	70
COV	[891-891]	891	74
COV	[892-892]	892	81
COV	[893-893]	893	74
COV	[894-894]	894	77
COV	[895-895]	895	95
COV	[896-896]	896	75
COV	[897-897]	897	82
COV	[898-898]	898	87
COV	[899-899]	899	62
COV	[900-900]	900	67
COV	[901-901]	901	59
COV	[902-902]	902	55
COV	[903-903]	903	99
COV	[904-904]	904	66
COV	[905-905]	905	71
COV	[906-906]	906	73
COV	[907-907]	907	72
COV	[908-908]	908	87
COV	[909-909]	909	70
COV	[910-910]	910	74
COV	[911-911]	911	96
COV	[912-912]	912	78
COV	[913-913]	913	77
COV	[914-914]	914	77
COV	[915-915]	915	84
COV	[916-916]	916	74
COV	[917-917]	917	58
COV	[918-918]	918	63
COV	[919-919]	919	72
COV	[920-920]	920	71
COV	[921-921]	921	62
COV	[922-922]	922	67
COV	[923-923]	923	75
COV	[924-924]	924	60
COV	[925-925]	925	75
COV	[926-926]	926	71
COV	[927-927]	927	67
COV	[928-928]	928	71
COV	[929-929]	929	70
COV	[930-930]	930	58
COV	[931-931]	931	73
COV	[932-932]	932	77
COV	[933-933]	933	69
COV	[934-934]	934	60
COV	[935-935]	935	68
COV	[936-936]	936	60
COV	[937-937]	937	66
COV	[938-938]	938	75
COV	[939-939]	939	67
COV	[940-940]	940	64
COV	[941-941]	941	69
COV	[942-942]	942	58
COV	[943-943]	943	56
COV	[944-944]	944	88
COV	[945-945]	945	66
COV	[946-946]	946	54
COV	[947-947]	947	67
COV	[948-948]	948	60
COV	[949-949]	949	49
COV	[950-950]	950	64
COV	[951-951]	951	65
COV	[952-952]	952	67
COV	[953-953]	953	61
COV	[954-954]	954	76
COV	[955-955]	955	86
COV	[956-956]	956	65
COV	[957-957]	957	70
COV	[958-958]	958	66
COV	[959-959]	959	61
COV	[960-960]	960	63
COV	[961-961]	961	55
COV	[962-962]	962	70
COV	[963-963]	963	60
COV	[964-964]	964	68
COV	[965-965]	965	69
COV	[966-966]	966	67
COV	[967-967]	967	67
COV	[968-968]	968	60
COV	[969-969]	969	65
COV	[970-970]	970	53
COV	[971-971]	971	68
COV	[972-972]	972	56
COV	[973-973]	973	56
COV	[974-974]	974	72
COV	[975-975]	975	55
COV	[976-976]	976	58
COV	[977-977]	977	80
COV	[978-978]	978	72
COV	[979-979]	979	54
COV	[980-980]	980	67
COV	[981-981]	981	54
COV	[982-982]	982	58
COV	[983-983]	983	54
COV	[984-984]	984	60
COV	[985-985]	985	55
COV	[986-986]	986	66
COV	[987-987]	987	58
COV	[988-988]	988	64
COV	[989-989]	989	61
COV	[990-990]	990	50
COV	[991-991]	991	51
COV	[992-992]	992	46
COV	[993-993]	993	76
COV	[994-994]	994	60
COV	[995-995]	995	73
COV	[996-996]	996	53
COV	[997-997]	997	49
COV	[998-998]	998	58
COV	[999-999]	999	63
COV	[1000-1000]	1000	55
COV	[1000<]	1000	75463
# GC-depth. Use `grep ^GCD | cut -f 2-` to extract this part. The columns are: GC%, unique sequence percentiles, 10th, 25th, 50th, 75th and 90th depth percentile
GCD	0.0	0.457	0.000	0.000	0.000	0.000	0.000
GCD	55.0	0.685	1054.048	1054.048	1054.048	1054.048	1054.048
GCD	56.0	0.913	281.894	281.894	281.894	281.894	281.894
GCD	58.0	1.142	3403.885	3403.885	3403.885	3403.885	3403.885
GCD	59.0	2.740	5852.381	6439.337	6854.593	7155.852	7339.698
GCD	60.0	2.968	411.134	411.134	411.134	411.134	411.134
GCD	61.0	3.425	67.242	67.242	310.958	554.675	554.675
GCD	62.0	4.110	9.025	9.025	126.167	189.757	189.757
GCD	63.0	5.023	18.944	28.297	59.455	91.476	101.118
GCD	64.0	5.479	3.062	3.062	9.817	16.571	16.571
GCD	65.0	8.676	5.541	23.509	62.942	129.452	358.155
GCD	66.0	15.068	9.461	20.994	39.484	96.336	203.754
GCD	67.0	23.288	8.501	15.162	47.873	70.713	134.333
GCD	68.0	36.530	4.937	8.705	20.827	55.163	102.478
GCD	69.0	54.338	5.642	11.506	21.626	33.447	55.920
GCD	70.0	75.571	4.172	8.326	15.093	24.453	48.603
GCD	71.0	89.041	2.266	4.411	8.903	14.947	47.744
GCD	72.0	96.575	1.130	2.131	4.562	11.173	48.184
GCD	73.0	98.858	0.192	1.619	4.509	15.420	44.410
GCD	74.0	99.772	0.359	4.377	21.483	42.644	48.012
GCD	75.0	100.000	0.117	0.117	0.117	0.117	0.117
