# This file was produced by samtools stats (1.20+htslib-1.20) and can be plotted using plot-bamstats
# This file contains statistics for all reads.
# The command line was:  stats 61_sorted.bam
# CHK, Checksum	[2]Read Names	[3]Sequences	[4]Qualities
# CHK, CRC32 of reads which passed filtering followed by addition (32bit overflow)
CHK	7cb10b4a	fafbd740	be59d53f
# Summary Numbers. Use `grep ^SN | cut -f 2-` to extract this part.
SN	raw total sequences:	17345526	# excluding supplementary and secondary reads
SN	filtered sequences:	0
SN	sequences:	17345526
SN	is sorted:	1
SN	1st fragments:	8672763
SN	last fragments:	8672763
SN	reads mapped:	17232858
SN	reads mapped and paired:	17137214	# paired-end technology bit set + both mates mapped
SN	reads unmapped:	112668
SN	reads properly paired:	17070870	# proper-pair bit set
SN	reads paired:	17345526	# paired-end technology bit set
SN	reads duplicated:	0	# PCR or optical duplicate bit set
SN	reads MQ0:	10845995	# mapped and MQ=0
SN	reads QC failed:	0
SN	non-primary alignments:	0
SN	supplementary alignments:	1729
SN	total length:	1271778099	# ignores clipping
SN	total first fragment length:	639503268	# ignores clipping
SN	total last fragment length:	632274831	# ignores clipping
SN	bases mapped:	1266533909	# ignores clipping
SN	bases mapped (cigar):	1265860440	# more accurate
SN	bases trimmed:	0
SN	bases duplicated:	0
SN	mismatches:	1763564	# from NM fields
SN	error rate:	1.393174e-03	# mismatches / bases mapped (cigar)
SN	average length:	73
SN	average first fragment length:	74
SN	average last fragment length:	73
SN	maximum length:	75
SN	maximum first fragment length:	75
SN	maximum last fragment length:	75
SN	average quality:	35.1
SN	insert size average:	149.0
SN	insert size standard deviation:	41.8
SN	inward oriented pairs:	8503639
SN	outward oriented pairs:	46163
SN	pairs with other orientation:	15543
SN	pairs on different chromosomes:	3262
SN	percentage of properly paired reads (%):	98.4
# First Fragment Qualities. Use `grep ^FFQ | cut -f 2-` to extract this part.
# Columns correspond to qualities and rows to cycles. First column is the cycle number.
FFQ	1	0	0	0	0	0	0	0	0	0	0	0	0	0	0	114472	0	0	0	0	0	0	80870	0	0	0	0	0	4465	0	0	0	0	8472956	0	0	0	0	0
FFQ	2	0	0	43	0	0	0	0	0	0	0	0	0	0	0	82837	0	0	0	0	0	0	72164	0	0	0	0	0	1721	0	0	0	0	8515998	0	0	0	0	0
FFQ	3	0	0	1	0	0	0	0	0	0	0	0	0	0	0	82042	0	0	0	0	0	0	39137	0	0	0	0	0	909	0	0	0	0	8550674	0	0	0	0	0
FFQ	4	0	0	18	0	0	0	0	0	0	0	0	0	0	0	69151	0	0	0	0	0	0	38913	0	0	0	0	0	946	0	0	0	0	8563735	0	0	0	0	0
FFQ	5	0	0	37	0	0	0	0	0	0	0	0	0	0	0	63313	0	0	0	0	0	0	43750	0	0	0	0	0	1329	0	0	0	0	8564259	0	0	0	75	0
FFQ	6	0	0	1884	0	0	0	0	0	0	0	0	0	0	0	81157	0	0	0	0	0	0	55908	0	0	0	0	0	1387	0	0	0	0	234489	0	0	0	8297938	0
FFQ	7	0	0	5	0	0	0	0	0	0	0	0	0	0	0	95653	0	0	0	0	0	0	48319	0	0	0	0	0	953	0	0	0	0	266528	0	0	0	8261305	0
FFQ	8	0	0	160	0	0	0	0	0	0	0	0	0	0	0	99351	0	0	0	0	0	0	43961	0	0	0	0	0	618	0	0	0	0	309085	0	0	0	8219588	0
FFQ	9	0	0	7	0	0	0	0	0	0	0	0	0	0	0	105735	0	0	0	0	0	0	35479	0	0	0	0	0	639	0	0	0	0	319513	0	0	0	8211390	0
FFQ	10	0	0	3	0	0	0	0	0	0	0	0	0	0	0	110195	0	0	0	0	0	0	38554	0	0	0	0	0	1428	0	0	0	0	334502	0	0	0	8188081	0
FFQ	11	0	0	12	0	0	0	0	0	0	0	0	0	0	0	93989	0	0	0	0	0	0	31364	0	0	0	0	0	577	0	0	0	0	310990	0	0	0	8235831	0
FFQ	12	0	0	14	0	0	0	0	0	0	0	0	0	0	0	104282	0	0	0	0	0	0	40060	0	0	0	0	0	1046	0	0	0	0	336054	0	0	0	8191307	0
FFQ	13	0	0	21	0	0	0	0	0	0	0	0	0	0	0	110533	0	0	0	0	0	0	33239	0	0	0	0	0	1112	0	0	0	0	351149	0	0	0	8176709	0
FFQ	14	0	0	75	0	0	0	0	0	0	0	0	0	0	0	109924	0	0	0	0	0	0	27774	0	0	0	0	0	1126	0	0	0	0	338563	0	0	0	8195301	0
FFQ	15	0	0	12	0	0	0	0	0	0	0	0	0	0	0	108250	0	0	0	0	0	0	31699	0	0	0	0	0	755	0	0	0	0	330326	0	0	0	8201721	0
FFQ	16	0	0	18	0	0	0	0	0	0	0	0	0	0	0	104602	0	0	0	0	0	0	30093	0	0	0	0	0	742	0	0	0	0	327275	0	0	0	8210033	0
FFQ	17	0	0	25	0	0	0	0	0	0	0	0	0	0	0	100853	0	0	0	0	0	0	30613	0	0	0	0	0	2034	0	0	0	0	325603	0	0	0	8213635	0
FFQ	18	0	0	52	0	0	0	0	0	0	0	0	0	0	0	100833	0	0	0	0	0	0	31258	0	0	0	0	0	2904	0	0	0	0	331289	0	0	0	8206427	0
FFQ	19	0	0	22	0	0	0	0	0	0	0	0	0	0	0	110299	0	0	0	0	0	0	35520	0	0	0	0	0	3234	0	0	0	0	353997	0	0	0	8169691	0
FFQ	20	0	0	8	0	0	0	0	0	0	0	0	0	0	0	104610	0	0	0	0	0	0	28065	0	0	0	0	0	4250	0	0	0	0	347118	0	0	0	8188712	0
FFQ	21	0	0	39	0	0	0	0	0	0	0	0	0	0	0	105319	0	0	0	0	0	0	29081	0	0	0	0	0	4476	0	0	0	0	358265	0	0	0	8175583	0
FFQ	22	0	0	61	0	0	0	0	0	0	0	0	0	0	0	110759	0	0	0	0	0	0	27577	0	0	0	0	0	8157	0	0	0	0	361961	0	0	0	8164248	0
FFQ	23	0	0	286	0	0	0	0	0	0	0	0	0	0	0	105860	0	0	0	0	0	0	25487	0	0	0	0	0	10015	0	0	0	0	352851	0	0	0	8178264	0
FFQ	24	0	0	96	0	0	0	0	0	0	0	0	0	0	0	115689	0	0	0	0	0	0	24052	0	0	0	0	0	14295	0	0	0	0	361223	0	0	0	8157408	0
FFQ	25	0	0	70	0	0	0	0	0	0	0	0	0	0	0	114693	0	0	0	0	0	0	24424	0	0	0	0	0	20396	0	0	0	0	372162	0	0	0	8141018	0
FFQ	26	0	0	126	0	0	0	0	0	0	0	0	0	0	0	123398	0	0	0	0	0	0	27893	0	0	0	0	0	22457	0	0	0	0	379403	0	0	0	8112915	0
FFQ	27	0	0	102	0	0	0	0	0	0	0	0	0	0	0	122034	0	0	0	0	0	0	23186	0	0	0	0	0	24448	0	0	0	0	374111	0	0	0	8116156	0
FFQ	28	0	0	94	0	0	0	0	0	0	0	0	0	0	0	127295	0	0	0	0	0	0	21511	0	0	0	0	0	36594	0	0	0	0	370271	0	0	0	8098180	0
FFQ	29	0	0	61	0	0	0	0	0	0	0	0	0	0	0	118647	0	0	0	0	0	0	20562	0	0	0	0	0	35884	0	0	0	0	372195	0	0	0	8100535	0
FFQ	30	0	0	107	0	0	0	0	0	0	0	0	0	0	0	124441	0	0	0	0	0	0	19415	0	0	0	0	0	37060	0	0	0	0	368568	0	0	0	8092191	0
FFQ	31	0	0	50	0	0	0	0	0	0	0	0	0	0	0	120560	0	0	0	0	0	0	16482	0	0	0	0	0	42518	0	0	0	0	360736	0	0	0	8095262	0
FFQ	32	0	0	22	0	0	0	0	0	0	0	0	0	0	0	127977	0	0	0	0	0	0	14321	0	0	0	0	0	53379	0	0	0	0	368629	0	0	0	8065165	0
FFQ	33	0	0	50	0	0	0	0	0	0	0	0	0	0	0	125256	0	0	0	0	0	0	12155	0	0	0	0	0	59953	0	0	0	0	368318	0	0	0	8057812	0
FFQ	34	0	0	13	0	0	0	0	0	0	0	0	0	0	0	122965	0	0	0	0	0	0	12226	0	0	0	0	0	63747	0	0	0	0	369727	0	0	0	8048107	0
FFQ	35	0	0	22	0	0	0	0	0	0	0	0	0	0	0	124855	0	0	0	0	0	0	12639	0	0	0	0	0	57013	0	0	0	0	340694	0	0	0	8075659	0
FFQ	36	0	0	20	0	0	0	0	0	0	0	0	0	0	0	124637	0	0	0	0	0	0	13602	0	0	0	0	0	60729	0	0	0	0	350575	0	0	0	8055640	0
FFQ	37	0	0	11	0	0	0	0	0	0	0	0	0	0	0	123409	0	0	0	0	0	0	11129	0	0	0	0	0	65689	0	0	0	0	357747	0	0	0	8040773	0
FFQ	38	0	0	12	0	0	0	0	0	0	0	0	0	0	0	135812	0	0	0	0	0	0	11691	0	0	0	0	0	64716	0	0	0	0	372950	0	0	0	8007495	0
FFQ	39	0	0	35	0	0	0	0	0	0	0	0	0	0	0	129450	0	0	0	0	0	0	11219	0	0	0	0	0	56020	0	0	0	0	358233	0	0	0	8032031	0
FFQ	40	0	0	13	0	0	0	0	0	0	0	0	0	0	0	135099	0	0	0	0	0	0	10951	0	0	0	0	0	59986	0	0	0	0	382568	0	0	0	7992386	0
FFQ	41	0	0	42	0	0	0	0	0	0	0	0	0	0	0	127258	0	0	0	0	0	0	9647	0	0	0	0	0	61720	0	0	0	0	371992	0	0	0	8004415	0
FFQ	42	0	0	2	0	0	0	0	0	0	0	0	0	0	0	132200	0	0	0	0	0	0	10477	0	0	0	0	0	53546	0	0	0	0	359615	0	0	0	8013627	0
FFQ	43	0	0	6	0	0	0	0	0	0	0	0	0	0	0	126592	0	0	0	0	0	0	9422	0	0	0	0	0	52267	0	0	0	0	363207	0	0	0	8012692	0
FFQ	44	0	0	26	0	0	0	0	0	0	0	0	0	0	0	129731	0	0	0	0	0	0	11010	0	0	0	0	0	50077	0	0	0	0	354852	0	0	0	8012462	0
FFQ	45	0	0	3	0	0	0	0	0	0	0	0	0	0	0	132765	0	0	0	0	0	0	10853	0	0	0	0	0	54570	0	0	0	0	373646	0	0	0	7980750	0
FFQ	46	0	0	4	0	0	0	0	0	0	0	0	0	0	0	125657	0	0	0	0	0	0	10497	0	0	0	0	0	54506	0	0	0	0	371478	0	0	0	7985092	0
FFQ	47	0	0	3	0	0	0	0	0	0	0	0	0	0	0	134687	0	0	0	0	0	0	12210	0	0	0	0	0	55203	0	0	0	0	376109	0	0	0	7963511	0
FFQ	48	0	0	6	0	0	0	0	0	0	0	0	0	0	0	130436	0	0	0	0	0	0	12844	0	0	0	0	0	54346	0	0	0	0	365291	0	0	0	7973501	0
FFQ	49	0	0	52	0	0	0	0	0	0	0	0	0	0	0	131598	0	0	0	0	0	0	14390	0	0	0	0	0	52424	0	0	0	0	342530	0	0	0	7989801	0
FFQ	50	0	0	2	0	0	0	0	0	0	0	0	0	0	0	141621	0	0	0	0	0	0	18049	0	0	0	0	0	52272	0	0	0	0	348878	0	0	0	7964436	0
FFQ	51	0	0	11	0	0	0	0	0	0	0	0	0	0	0	137794	0	0	0	0	0	0	21142	0	0	0	0	0	64048	0	0	0	0	362469	0	0	0	7934252	0
FFQ	52	0	0	1	0	0	0	0	0	0	0	0	0	0	0	139037	0	0	0	0	0	0	23792	0	0	0	0	0	69109	0	0	0	0	352523	0	0	0	7929437	0
FFQ	53	0	0	4	0	0	0	0	0	0	0	0	0	0	0	137291	0	0	0	0	0	0	29162	0	0	0	0	0	68108	0	0	0	0	330085	0	0	0	7943462	0
FFQ	54	0	0	0	0	0	0	0	0	0	0	0	0	0	0	131164	0	0	0	0	0	0	34057	0	0	0	0	0	75531	0	0	0	0	333938	0	0	0	7927495	0
FFQ	55	0	0	27	0	0	0	0	0	0	0	0	0	0	0	135828	0	0	0	0	0	0	35964	0	0	0	0	0	80681	0	0	0	0	336962	0	0	0	7906558	0
FFQ	56	0	0	1	0	0	0	0	0	0	0	0	0	0	0	135503	0	0	0	0	0	0	41677	0	0	0	0	0	90517	0	0	0	0	351380	0	0	0	7870996	0
FFQ	57	0	0	11	0	0	0	0	0	0	0	0	0	0	0	135370	0	0	0	0	0	0	46045	0	0	0	0	0	95012	0	0	0	0	352611	0	0	0	7854698	0
FFQ	58	0	0	33	0	0	0	0	0	0	0	0	0	0	0	139757	0	0	0	0	0	0	43499	0	0	0	0	0	90453	0	0	0	0	335625	0	0	0	7868485	0
FFQ	59	0	0	15	0	0	0	0	0	0	0	0	0	0	0	137157	0	0	0	0	0	0	48377	0	0	0	0	0	98677	0	0	0	0	333069	0	0	0	7853886	0
FFQ	60	0	0	13	0	0	0	0	0	0	0	0	0	0	0	136855	0	0	0	0	0	0	50979	0	0	0	0	0	102033	0	0	0	0	333506	0	0	0	7841059	0
FFQ	61	0	0	8	0	0	0	0	0	0	0	0	0	0	0	142324	0	0	0	0	0	0	56139	0	0	0	0	0	114004	0	0	0	0	355653	0	0	0	7789284	0
FFQ	62	0	0	3	0	0	0	0	0	0	0	0	0	0	0	151187	0	0	0	0	0	0	60404	0	0	0	0	0	127030	0	0	0	0	392147	0	0	0	7719236	0
FFQ	63	0	0	4	0	0	0	0	0	0	0	0	0	0	0	143583	0	0	0	0	0	0	61824	0	0	0	0	0	128723	0	0	0	0	396062	0	0	0	7712274	0
FFQ	64	0	0	4	0	0	0	0	0	0	0	0	0	0	0	138559	0	0	0	0	0	0	60849	0	0	0	0	0	128538	0	0	0	0	396877	0	0	0	7709791	0
FFQ	65	0	0	8	0	0	0	0	0	0	0	0	0	0	0	142981	0	0	0	0	0	0	60974	0	0	0	0	0	137112	0	0	0	0	426658	0	0	0	7658144	0
FFQ	66	0	0	8	0	0	0	0	0	0	0	0	0	0	0	148924	0	0	0	0	0	0	65358	0	0	0	0	0	148893	0	0	0	0	477652	0	0	0	7576162	0
FFQ	67	0	0	32	0	0	0	0	0	0	0	0	0	0	0	141645	0	0	0	0	0	0	62065	0	0	0	0	0	143290	0	0	0	0	463802	0	0	0	7597127	0
FFQ	68	0	0	2	0	0	0	0	0	0	0	0	0	0	0	149994	0	0	0	0	0	0	60660	0	0	0	0	0	140195	0	0	0	0	474808	0	0	0	7571955	0
FFQ	69	0	0	0	0	0	0	0	0	0	0	0	0	0	0	142381	0	0	0	0	0	0	59193	0	0	0	0	0	138605	0	0	0	0	456578	0	0	0	7591118	0
FFQ	70	0	0	0	0	0	0	0	0	0	0	0	0	0	0	137442	0	0	0	0	0	0	56230	0	0	0	0	0	138278	0	0	0	0	481841	0	0	0	7563237	0
FFQ	71	0	0	14	0	0	0	0	0	0	0	0	0	0	0	146130	0	0	0	0	0	0	59651	0	0	0	0	0	155906	0	0	0	0	553828	0	0	0	7447016	0
FFQ	72	0	0	0	0	0	0	0	0	0	0	0	0	0	0	137447	0	0	0	0	0	0	55110	0	0	0	0	0	144576	0	0	0	0	539351	0	0	0	7462811	0
FFQ	73	0	0	0	0	0	0	0	0	0	0	0	0	0	0	142942	0	0	0	0	0	0	53628	0	0	0	0	0	149433	0	0	0	0	562991	0	0	0	7348289	0
FFQ	74	0	0	0	0	0	0	0	0	0	0	0	0	0	0	113571	0	0	0	0	0	0	54064	0	0	0	0	0	155698	0	0	0	0	599118	0	0	0	6824792	0
FFQ	75	0	0	0	0	0	0	0	0	0	0	0	0	0	0	0	0	0	0	0	0	0	44693	0	0	0	0	0	128790	0	0	0	0	459401	0	0	0	5368167	0
# Last Fragment Qualities. Use `grep ^LFQ | cut -f 2-` to extract this part.
# Columns correspond to qualities and rows to cycles. First column is the cycle number.
LFQ	1	0	0	0	0	0	0	0	0	0	0	0	0	0	0	111221	0	0	0	0	0	0	47786	0	0	0	0	0	819	0	0	0	0	8512802	0	0	0	135	0
LFQ	2	0	0	506	0	0	0	0	0	0	0	0	0	0	0	143231	0	0	0	0	0	0	61578	0	0	0	0	0	2738	0	0	0	0	8464102	0	0	0	608	0
LFQ	3	0	0	57	0	0	0	0	0	0	0	0	0	0	0	115699	0	0	0	0	0	0	52539	0	0	0	0	0	1373	0	0	0	0	8501586	0	0	0	1509	0
LFQ	4	0	0	6	0	0	0	0	0	0	0	0	0	0	0	106905	0	0	0	0	0	0	62104	0	0	0	0	0	1261	0	0	0	0	8498238	0	0	0	4249	0
LFQ	5	0	0	53	0	0	0	0	0	0	0	0	0	0	0	105808	0	0	0	0	0	0	75831	0	0	0	0	0	1326	0	0	0	0	8478656	0	0	0	11089	0
LFQ	6	0	0	4	0	0	0	0	0	0	0	0	0	0	0	110783	0	0	0	0	0	0	76223	0	0	0	0	0	1107	0	0	0	0	285528	0	0	0	8199118	0
LFQ	7	0	0	8	0	0	0	0	0	0	0	0	0	0	0	123733	0	0	0	0	0	0	69536	0	0	0	0	0	805	0	0	0	0	286673	0	0	0	8192008	0
LFQ	8	0	0	5	0	0	0	0	0	0	0	0	0	0	0	130451	0	0	0	0	0	0	70936	0	0	0	0	0	634	0	0	0	0	303480	0	0	0	8167257	0
LFQ	9	0	0	64	0	0	0	0	0	0	0	0	0	0	0	131644	0	0	0	0	0	0	70821	0	0	0	0	0	581	0	0	0	0	292672	0	0	0	8176981	0
LFQ	10	0	0	6	0	0	0	0	0	0	0	0	0	0	0	115325	0	0	0	0	0	0	77634	0	0	0	0	0	656	0	0	0	0	277217	0	0	0	8201925	0
LFQ	11	0	0	11	0	0	0	0	0	0	0	0	0	0	0	140558	0	0	0	0	0	0	70866	0	0	0	0	0	451	0	0	0	0	301522	0	0	0	8159355	0
LFQ	12	0	0	44	0	0	0	0	0	0	0	0	0	0	0	140273	0	0	0	0	0	0	70056	0	0	0	0	0	474	0	0	0	0	298613	0	0	0	8163303	0
LFQ	13	0	0	7	0	0	0	0	0	0	0	0	0	0	0	121607	0	0	0	0	0	0	79154	0	0	0	0	0	699	0	0	0	0	271233	0	0	0	8200063	0
LFQ	14	0	0	8	0	0	0	0	0	0	0	0	0	0	0	120777	0	0	0	0	0	0	89922	0	0	0	0	0	888	0	0	0	0	272246	0	0	0	8188922	0
LFQ	15	0	0	50	0	0	0	0	0	0	0	0	0	0	0	118906	0	0	0	0	0	0	95555	0	0	0	0	0	951	0	0	0	0	260527	0	0	0	8196774	0
LFQ	16	0	0	50	0	0	0	0	0	0	0	0	0	0	0	126284	0	0	0	0	0	0	93707	0	0	0	0	0	1073	0	0	0	0	267813	0	0	0	8183836	0
LFQ	17	0	0	27	0	0	0	0	0	0	0	0	0	0	0	116143	0	0	0	0	0	0	97939	0	0	0	0	0	1380	0	0	0	0	251201	0	0	0	8206073	0
LFQ	18	0	0	48	0	0	0	0	0	0	0	0	0	0	0	153492	0	0	0	0	0	0	104644	0	0	0	0	0	1135	0	0	0	0	308305	0	0	0	8105139	0
LFQ	19	0	0	64	0	0	0	0	0	0	0	0	0	0	0	135636	0	0	0	0	0	0	101054	0	0	0	0	0	1313	0	0	0	0	288665	0	0	0	8146031	0
LFQ	20	0	0	2	0	0	0	0	0	0	0	0	0	0	0	119817	0	0	0	0	0	0	115396	0	0	0	0	0	1483	0	0	0	0	257492	0	0	0	8178573	0
LFQ	21	0	0	17	0	0	0	0	0	0	0	0	0	0	0	117769	0	0	0	0	0	0	121243	0	0	0	0	0	1661	0	0	0	0	255972	0	0	0	8176101	0
LFQ	22	0	0	24	0	0	0	0	0	0	0	0	0	0	0	122198	0	0	0	0	0	0	115372	0	0	0	0	0	2048	0	0	0	0	258852	0	0	0	8174269	0
LFQ	23	0	0	26	0	0	0	0	0	0	0	0	0	0	0	138462	0	0	0	0	0	0	119776	0	0	0	0	0	2355	0	0	0	0	273249	0	0	0	8138895	0
LFQ	24	0	0	27	0	0	0	0	0	0	0	0	0	0	0	165868	0	0	0	0	0	0	117466	0	0	0	0	0	1993	0	0	0	0	296722	0	0	0	8090687	0
LFQ	25	0	0	51	0	0	0	0	0	0	0	0	0	0	0	162558	0	0	0	0	0	0	118947	0	0	0	0	0	2329	0	0	0	0	296919	0	0	0	8091959	0
LFQ	26	0	0	49	0	0	0	0	0	0	0	0	0	0	0	138957	0	0	0	0	0	0	134698	0	0	0	0	0	2930	0	0	0	0	259066	0	0	0	8123744	0
LFQ	27	0	0	44	0	0	0	0	0	0	0	0	0	0	0	156542	0	0	0	0	0	0	135778	0	0	0	0	0	3541	0	0	0	0	276270	0	0	0	8073250	0
LFQ	28	0	0	15	0	0	0	0	0	0	0	0	0	0	0	171951	0	0	0	0	0	0	122815	0	0	0	0	0	4214	0	0	0	0	286432	0	0	0	8046580	0
LFQ	29	0	0	121	0	0	0	0	0	0	0	0	0	0	0	175348	0	0	0	0	0	0	129180	0	0	0	0	0	4390	0	0	0	0	291580	0	0	0	8017934	0
LFQ	30	0	0	12	0	0	0	0	0	0	0	0	0	0	0	152074	0	0	0	0	0	0	131024	0	0	0	0	0	3873	0	0	0	0	267570	0	0	0	8051470	0
LFQ	31	0	0	21	0	0	0	0	0	0	0	0	0	0	0	145530	0	0	0	0	0	0	134178	0	0	0	0	0	5058	0	0	0	0	256413	0	0	0	8052355	0
LFQ	32	0	0	11	0	0	0	0	0	0	0	0	0	0	0	176163	0	0	0	0	0	0	124648	0	0	0	0	0	5519	0	0	0	0	284995	0	0	0	7988552	0
LFQ	33	0	0	75	0	0	0	0	0	0	0	0	0	0	0	190865	0	0	0	0	0	0	111186	0	0	0	0	0	7669	0	0	0	0	295977	0	0	0	7961767	0
LFQ	34	0	0	43	0	0	0	0	0	0	0	0	0	0	0	184919	0	0	0	0	0	0	112893	0	0	0	0	0	7832	0	0	0	0	299939	0	0	0	7950476	0
LFQ	35	0	0	24	0	0	0	0	0	0	0	0	0	0	0	161404	0	0	0	0	0	0	105372	0	0	0	0	0	7767	0	0	0	0	263027	0	0	0	8007101	0
LFQ	36	0	0	18	0	0	0	0	0	0	0	0	0	0	0	163077	0	0	0	0	0	0	109913	0	0	0	0	0	7852	0	0	0	0	250372	0	0	0	8001346	0
LFQ	37	0	0	32	0	0	0	0	0	0	0	0	0	0	0	174833	0	0	0	0	0	0	102167	0	0	0	0	0	9010	0	0	0	0	257027	0	0	0	7978279	0
LFQ	38	0	0	86	0	0	0	0	0	0	0	0	0	0	0	188199	0	0	0	0	0	0	92728	0	0	0	0	0	11124	0	0	0	0	271610	0	0	0	7945641	0
LFQ	39	0	0	13	0	0	0	0	0	0	0	0	0	0	0	178355	0	0	0	0	0	0	95978	0	0	0	0	0	9817	0	0	0	0	257592	0	0	0	7956847	0
LFQ	40	0	0	13	0	0	0	0	0	0	0	0	0	0	0	198002	0	0	0	0	0	0	92076	0	0	0	0	0	10958	0	0	0	0	281241	0	0	0	7905235	0
LFQ	41	0	0	29	0	0	0	0	0	0	0	0	0	0	0	152072	0	0	0	0	0	0	91942	0	0	0	0	0	8024	0	0	0	0	230189	0	0	0	7996103	0
LFQ	42	0	0	61	0	0	0	0	0	0	0	0	0	0	0	170236	0	0	0	0	0	0	83298	0	0	0	0	0	10933	0	0	0	0	244877	0	0	0	7958953	0
LFQ	43	0	0	4	0	0	0	0	0	0	0	0	0	0	0	149588	0	0	0	0	0	0	78656	0	0	0	0	0	10207	0	0	0	0	229092	0	0	0	7991309	0
LFQ	44	0	0	49	0	0	0	0	0	0	0	0	0	0	0	178239	0	0	0	0	0	0	75172	0	0	0	0	0	11450	0	0	0	0	249242	0	0	0	7932894	0
LFQ	45	0	0	16	0	0	0	0	0	0	0	0	0	0	0	199806	0	0	0	0	0	0	78363	0	0	0	0	0	14587	0	0	0	0	275402	0	0	0	7866483	0
LFQ	46	0	0	69	0	0	0	0	0	0	0	0	0	0	0	214628	0	0	0	0	0	0	68012	0	0	0	0	0	16720	0	0	0	0	293025	0	0	0	7829564	0
LFQ	47	0	0	0	0	0	0	0	0	0	0	0	0	0	0	212288	0	0	0	0	0	0	60906	0	0	0	0	0	16233	0	0	0	0	284706	0	0	0	7835619	0
LFQ	48	0	0	11	0	0	0	0	0	0	0	0	0	0	0	198718	0	0	0	0	0	0	72842	0	0	0	0	0	11493	0	0	0	0	269864	0	0	0	7846063	0
LFQ	49	0	0	67	0	0	0	0	0	0	0	0	0	0	0	177930	0	0	0	0	0	0	66666	0	0	0	0	0	10466	0	0	0	0	249753	0	0	0	7883272	0
LFQ	50	0	0	23	0	0	0	0	0	0	0	0	0	0	0	179910	0	0	0	0	0	0	68411	0	0	0	0	0	8892	0	0	0	0	243298	0	0	0	7876898	0
LFQ	51	0	0	39	0	0	0	0	0	0	0	0	0	0	0	195387	0	0	0	0	0	0	62493	0	0	0	0	0	12197	0	0	0	0	251146	0	0	0	7845396	0
LFQ	52	0	0	97	0	0	0	0	0	0	0	0	0	0	0	196181	0	0	0	0	0	0	65212	0	0	0	0	0	13115	0	0	0	0	251889	0	0	0	7829834	0
LFQ	53	0	0	137	0	0	0	0	0	0	0	0	0	0	0	208096	0	0	0	0	0	0	54136	0	0	0	0	0	13979	0	0	0	0	270588	0	0	0	7797855	0
LFQ	54	0	0	60	0	0	0	0	0	0	0	0	0	0	0	213690	0	0	0	0	0	0	46985	0	0	0	0	0	16244	0	0	0	0	286316	0	0	0	7770397	0
LFQ	55	0	0	92	0	0	0	0	0	0	0	0	0	0	0	216408	0	0	0	0	0	0	52286	0	0	0	0	0	12821	0	0	0	0	275379	0	0	0	7766354	0
LFQ	56	0	0	93	0	0	0	0	0	0	0	0	0	0	0	196703	0	0	0	0	0	0	55326	0	0	0	0	0	10420	0	0	0	0	257334	0	0	0	7793637	0
LFQ	57	0	0	23	0	0	0	0	0	0	0	0	0	0	0	176450	0	0	0	0	0	0	60460	0	0	0	0	0	9963	0	0	0	0	233468	0	0	0	7823011	0
LFQ	58	0	0	82	0	0	0	0	0	0	0	0	0	0	0	195270	0	0	0	0	0	0	51195	0	0	0	0	0	13586	0	0	0	0	251431	0	0	0	7781779	0
LFQ	59	0	0	48	0	0	0	0	0	0	0	0	0	0	0	212039	0	0	0	0	0	0	47757	0	0	0	0	0	18061	0	0	0	0	262245	0	0	0	7741861	0
LFQ	60	0	0	30	0	0	0	0	0	0	0	0	0	0	0	207976	0	0	0	0	0	0	46349	0	0	0	0	0	19141	0	0	0	0	261277	0	0	0	7736532	0
LFQ	61	0	0	28	0	0	0	0	0	0	0	0	0	0	0	197999	0	0	0	0	0	0	41993	0	0	0	0	0	16436	0	0	0	0	246547	0	0	0	7757085	0
LFQ	62	0	0	36	0	0	0	0	0	0	0	0	0	0	0	220396	0	0	0	0	0	0	44081	0	0	0	0	0	20562	0	0	0	0	269539	0	0	0	7694431	0
LFQ	63	0	0	26	0	0	0	0	0	0	0	0	0	0	0	192013	0	0	0	0	0	0	47304	0	0	0	0	0	15743	0	0	0	0	233205	0	0	0	7750126	0
LFQ	64	0	0	39	0	0	0	0	0	0	0	0	0	0	0	202844	0	0	0	0	0	0	51075	0	0	0	0	0	21286	0	0	0	0	243872	0	0	0	7708272	0
LFQ	65	0	0	82	0	0	0	0	0	0	0	0	0	0	0	190969	0	0	0	0	0	0	53969	0	0	0	0	0	25234	0	0	0	0	242714	0	0	0	7704192	0
LFQ	66	0	0	59	0	0	0	0	0	0	0	0	0	0	0	193108	0	0	0	0	0	0	49964	0	0	0	0	0	21202	0	0	0	0	243231	0	0	0	7699078	0
LFQ	67	0	0	32	0	0	0	0	0	0	0	0	0	0	0	197653	0	0	0	0	0	0	47786	0	0	0	0	0	20751	0	0	0	0	233719	0	0	0	7696133	0
LFQ	68	0	0	25	0	0	0	0	0	0	0	0	0	0	0	202975	0	0	0	0	0	0	48338	0	0	0	0	0	23948	0	0	0	0	246342	0	0	0	7663880	0
LFQ	69	0	0	43	0	0	0	0	0	0	0	0	0	0	0	204736	0	0	0	0	0	0	46781	0	0	0	0	0	28009	0	0	0	0	268711	0	0	0	7625784	0
LFQ	70	0	0	78	0	0	0	0	0	0	0	0	0	0	0	212353	0	0	0	0	0	0	48635	0	0	0	0	0	37083	0	0	0	0	279182	0	0	0	7582786	0
LFQ	71	0	0	72	0	0	0	0	0	0	0	0	0	0	0	208463	0	0	0	0	0	0	42023	0	0	0	0	0	35075	0	0	0	0	284002	0	0	0	7572012	0
LFQ	72	0	0	35	0	0	0	0	0	0	0	0	0	0	0	181546	0	0	0	0	0	0	38230	0	0	0	0	0	24439	0	0	0	0	251849	0	0	0	7620239	0
LFQ	73	0	0	57	0	0	0	0	0	0	0	0	0	0	0	177904	0	0	0	0	0	0	37970	0	0	0	0	0	31522	0	0	0	0	289366	0	0	0	7457814	0
LFQ	74	0	0	71	0	0	0	0	0	0	0	0	0	0	0	128267	0	0	0	0	0	0	32349	0	0	0	0	0	32536	0	0	0	0	254905	0	0	0	6862722	0
LFQ	75	0	0	0	0	0	0	0	0	0	0	0	0	0	0	0	0	0	0	0	0	0	20149	0	0	0	0	0	21817	0	0	0	0	152257	0	0	0	5558911	0
# GC Content of first fragments. Use `grep ^GCF | cut -f 2-` to extract this part.
GCF	1.26	0
GCF	2.76	2
GCF	3.52	3
GCF	4.27	2
GCF	4.77	3
GCF	5.28	1
GCF	6.03	5
GCF	6.78	13
GCF	7.29	10
GCF	7.79	8
GCF	8.29	10
GCF	8.79	8
GCF	9.30	6
GCF	10.05	5
GCF	10.80	6
GCF	11.31	9
GCF	11.81	10
GCF	12.56	11
GCF	13.57	14
GCF	14.32	13
GCF	14.82	20
GCF	15.33	18
GCF	16.08	12
GCF	16.83	11
GCF	17.34	8
GCF	17.84	13
GCF	18.34	14
GCF	18.84	23
GCF	19.60	24
GCF	20.85	22
GCF	21.86	21
GCF	22.36	25
GCF	22.86	29
GCF	23.37	30
GCF	23.87	34
GCF	24.37	35
GCF	24.87	36
GCF	25.38	50
GCF	25.88	44
GCF	26.38	47
GCF	26.88	53
GCF	27.39	59
GCF	27.89	81
GCF	28.64	83
GCF	29.40	66
GCF	29.90	70
GCF	30.40	68
GCF	30.90	66
GCF	31.41	74
GCF	31.91	93
GCF	32.41	106
GCF	32.91	105
GCF	33.42	116
GCF	33.92	126
GCF	34.42	149
GCF	34.92	153
GCF	35.43	157
GCF	35.93	177
GCF	36.43	192
GCF	36.93	204
GCF	37.44	231
GCF	37.94	228
GCF	38.44	249
GCF	38.94	279
GCF	39.45	292
GCF	39.95	388
GCF	40.45	405
GCF	40.95	462
GCF	41.46	552
GCF	41.96	621
GCF	42.46	797
GCF	42.96	915
GCF	43.47	1036
GCF	43.97	1640
GCF	44.47	2104
GCF	44.97	2466
GCF	45.48	3990
GCF	45.98	4877
GCF	46.48	6077
GCF	46.98	6862
GCF	47.49	7684
GCF	47.99	13110
GCF	48.49	15930
GCF	48.99	16816
GCF	49.50	26479
GCF	50.00	37317
GCF	50.50	212412
GCF	51.01	213681
GCF	51.51	248690
GCF	52.01	340855
GCF	52.51	372940
GCF	53.02	374894
GCF	53.52	355750
GCF	54.02	455496
GCF	54.52	520304
GCF	55.03	467839
GCF	55.53	382374
GCF	56.03	482823
GCF	56.53	684310
GCF	57.04	686323
GCF	57.54	895519
GCF	58.04	754342
GCF	58.54	861925
GCF	59.05	873114
GCF	59.55	1024846
GCF	60.05	1129173
GCF	60.55	1129238
GCF	61.06	993032
GCF	61.56	965669
GCF	62.06	901705
GCF	62.56	623579
GCF	63.07	476528
GCF	63.57	493371
GCF	64.07	487034
GCF	64.57	486794
GCF	65.08	449229
GCF	65.58	355530
GCF	66.08	338569
GCF	66.58	296178
GCF	67.09	297488
GCF	67.59	278231
GCF	68.09	250002
GCF	68.59	246024
GCF	69.10	247209
GCF	69.60	245921
GCF	70.10	242712
GCF	70.60	219695
GCF	71.11	217771
GCF	71.61	212020
GCF	72.11	193841
GCF	72.61	192812
GCF	73.12	165402
GCF	73.62	164860
GCF	74.12	157297
GCF	74.62	134819
GCF	75.13	132775
GCF	75.63	126746
GCF	76.13	97168
GCF	76.63	93682
GCF	77.14	66874
GCF	77.64	66336
GCF	78.14	61953
GCF	78.64	45555
GCF	79.15	44838
GCF	79.65	40856
GCF	80.15	27893
GCF	80.65	26568
GCF	81.16	16702
GCF	81.66	16233
GCF	82.16	15347
GCF	82.66	9007
GCF	83.17	8678
GCF	83.67	7811
GCF	84.17	5578
GCF	84.67	5369
GCF	85.18	3371
GCF	85.68	3222
GCF	86.18	2972
GCF	86.68	2351
GCF	87.19	2231
GCF	87.69	2020
GCF	88.19	1719
GCF	88.69	1462
GCF	89.20	1097
GCF	89.70	1039
GCF	90.20	969
GCF	90.70	856
GCF	91.21	775
GCF	91.71	723
GCF	92.21	598
GCF	92.71	502
GCF	93.22	374
GCF	93.72	265
GCF	94.22	251
GCF	94.72	240
GCF	95.23	219
GCF	95.73	213
GCF	96.23	566
GCF	96.73	753
GCF	97.24	860
GCF	97.74	922
GCF	98.24	949
GCF	99.25	1035
# GC Content of last fragments. Use `grep ^GCL | cut -f 2-` to extract this part.
GCL	2.76	0
GCL	6.03	1
GCL	7.04	2
GCL	7.79	1
GCL	8.79	0
GCL	10.05	1
GCL	10.80	2
GCL	12.06	1
GCL	14.07	2
GCL	15.33	3
GCL	15.83	8
GCL	16.33	11
GCL	16.83	14
GCL	17.34	10
GCL	17.84	11
GCL	18.59	13
GCL	19.35	19
GCL	19.85	24
GCL	20.35	21
GCL	20.85	18
GCL	21.36	16
GCL	21.86	21
GCL	22.36	20
GCL	22.86	11
GCL	23.37	18
GCL	23.87	23
GCL	24.37	26
GCL	24.87	25
GCL	25.38	29
GCL	25.88	23
GCL	26.38	26
GCL	26.88	43
GCL	27.39	52
GCL	27.89	85
GCL	28.39	86
GCL	28.89	85
GCL	29.65	91
GCL	30.40	97
GCL	30.90	124
GCL	31.41	139
GCL	31.91	146
GCL	32.66	167
GCL	33.42	203
GCL	33.92	195
GCL	34.42	191
GCL	34.92	197
GCL	35.43	212
GCL	35.93	319
GCL	36.43	371
GCL	36.93	422
GCL	37.44	453
GCL	37.94	484
GCL	38.44	520
GCL	38.94	607
GCL	39.45	795
GCL	39.95	875
GCL	40.45	909
GCL	40.95	1047
GCL	41.46	1107
GCL	41.96	1070
GCL	42.46	1274
GCL	42.96	1607
GCL	43.47	1808
GCL	43.97	2577
GCL	44.47	2977
GCL	44.97	3419
GCL	45.48	4095
GCL	45.98	4749
GCL	46.48	6267
GCL	46.98	6975
GCL	47.49	8709
GCL	47.99	20719
GCL	48.49	26099
GCL	48.99	27438
GCL	49.50	38862
GCL	50.00	47508
GCL	50.50	70217
GCL	51.01	72598
GCL	51.51	84734
GCL	52.01	95388
GCL	52.51	121264
GCL	53.02	127319
GCL	53.52	244333
GCL	54.02	251532
GCL	54.52	425854
GCL	55.03	434044
GCL	55.53	542315
GCL	56.03	790706
GCL	56.53	804297
GCL	57.04	805967
GCL	57.54	918231
GCL	58.04	994305
GCL	58.54	1056158
GCL	59.05	970102
GCL	59.55	912000
GCL	60.05	1189539
GCL	60.55	1187309
GCL	61.06	1090920
GCL	61.56	772024
GCL	62.06	800744
GCL	62.56	540492
GCL	63.07	492041
GCL	63.57	446276
GCL	64.07	617178
GCL	64.57	663042
GCL	65.08	622166
GCL	65.58	343209
GCL	66.08	364821
GCL	66.58	327189
GCL	67.09	324177
GCL	67.59	290434
GCL	68.09	259511
GCL	68.59	256312
GCL	69.10	235342
GCL	69.60	234370
GCL	70.10	233406
GCL	70.60	216933
GCL	71.11	215489
GCL	71.61	208076
GCL	72.11	199103
GCL	72.61	197237
GCL	73.12	174815
GCL	73.62	173186
GCL	74.12	165999
GCL	74.62	141650
GCL	75.13	138282
GCL	75.63	129094
GCL	76.13	105685
GCL	76.63	102372
GCL	77.14	77956
GCL	77.64	76828
GCL	78.14	70293
GCL	78.64	45574
GCL	79.15	44804
GCL	79.65	41343
GCL	80.15	29409
GCL	80.65	28321
GCL	81.16	18898
GCL	81.66	18023
GCL	82.16	16747
GCL	82.66	11152
GCL	83.17	10650
GCL	83.67	9419
GCL	84.17	6074
GCL	84.67	5568
GCL	85.18	3467
GCL	85.68	3253
GCL	86.18	3061
GCL	86.68	2301
GCL	87.19	2197
GCL	87.69	1954
GCL	88.19	1447
GCL	88.69	1280
GCL	89.20	1037
GCL	89.70	919
GCL	90.20	833
GCL	90.70	720
GCL	91.21	661
GCL	91.71	640
GCL	92.21	571
GCL	92.71	495
GCL	93.22	474
GCL	93.72	434
GCL	94.22	424
GCL	94.72	418
GCL	95.23	408
GCL	95.73	417
GCL	96.23	614
GCL	96.73	783
GCL	97.24	911
GCL	97.74	1053
GCL	98.24	1152
GCL	99.25	1219
# ACGT content per cycle. Use `grep ^GCC | cut -f 2-` to extract this part. The columns are: cycle; A,C,G,T base counts as a percentage of all A/C/G/T bases [%]; and N and O counts as a percentage of all A/C/G/T bases [%]
GCC	1	9.24	40.47	41.40	8.89	0.00	0.00
GCC	2	18.81	30.70	32.78	17.71	0.00	0.00
GCC	3	17.79	31.73	33.33	17.15	0.00	0.00
GCC	4	20.56	29.59	30.08	19.77	0.00	0.00
GCC	5	20.66	29.30	29.83	20.21	0.00	0.00
GCC	6	22.60	27.38	27.83	22.19	0.01	0.00
GCC	7	23.27	26.67	27.14	22.92	0.00	0.00
GCC	8	20.60	29.43	30.14	19.83	0.00	0.00
GCC	9	21.66	28.42	29.04	20.88	0.00	0.00
GCC	10	22.44	27.78	27.91	21.86	0.00	0.00
GCC	11	17.83	31.79	32.57	17.81	0.00	0.00
GCC	12	19.20	30.73	30.84	19.22	0.00	0.00
GCC	13	19.01	31.10	31.75	18.14	0.00	0.00
GCC	14	20.39	29.96	30.41	19.24	0.00	0.00
GCC	15	19.96	30.09	30.86	19.09	0.00	0.00
GCC	16	20.49	29.47	30.21	19.83	0.00	0.00
GCC	17	20.54	28.98	30.13	20.34	0.00	0.00
GCC	18	19.85	29.57	31.10	19.48	0.00	0.00
GCC	19	20.27	29.56	30.38	19.79	0.00	0.00
GCC	20	20.54	29.45	30.36	19.64	0.00	0.00
GCC	21	20.49	29.32	30.47	19.72	0.00	0.00
GCC	22	20.70	29.08	29.97	20.25	0.00	0.00
GCC	23	19.56	30.38	31.43	18.64	0.00	0.00
GCC	24	19.87	30.56	30.69	18.89	0.00	0.00
GCC	25	19.33	30.99	31.39	18.30	0.00	0.00
GCC	26	19.71	30.35	31.11	18.84	0.00	0.00
GCC	27	19.61	30.15	31.24	19.00	0.00	0.00
GCC	28	20.60	29.16	30.36	19.88	0.00	0.00
GCC	29	17.63	31.94	33.43	17.00	0.00	0.00
GCC	30	19.39	30.27	31.65	18.69	0.00	0.00
GCC	31	18.01	31.65	32.62	17.71	0.00	0.00
GCC	32	17.80	31.80	33.26	17.15	0.00	0.00
GCC	33	18.13	31.60	32.72	17.55	0.00	0.00
GCC	34	18.58	30.83	32.22	18.37	0.00	0.00
GCC	35	21.22	28.85	29.43	20.50	0.00	0.00
GCC	36	20.86	29.10	29.66	20.38	0.00	0.00
GCC	37	19.17	30.77	31.41	18.65	0.00	0.00
GCC	38	19.67	30.43	30.82	19.08	0.00	0.00
GCC	39	20.49	29.38	30.09	20.04	0.00	0.00
GCC	40	20.11	29.87	30.34	19.69	0.00	0.00
GCC	41	20.17	29.80	30.75	19.28	0.00	0.00
GCC	42	18.83	31.11	31.76	18.30	0.00	0.00
GCC	43	20.62	29.88	29.90	19.60	0.00	0.00
GCC	44	20.93	28.84	29.79	20.44	0.00	0.00
GCC	45	19.53	30.57	31.26	18.65	0.00	0.00
GCC	46	19.19	30.73	31.54	18.54	0.00	0.00
GCC	47	19.03	30.56	31.77	18.64	0.00	0.00
GCC	48	19.86	30.04	31.20	18.90	0.00	0.00
GCC	49	21.04	28.65	29.51	20.80	0.00	0.00
GCC	50	21.00	28.92	29.84	20.23	0.00	0.00
GCC	51	19.30	30.46	31.73	18.52	0.00	0.00
GCC	52	20.80	29.20	29.81	20.19	0.00	0.00
GCC	53	19.58	30.28	30.98	19.15	0.00	0.00
GCC	54	18.47	31.11	32.48	17.95	0.00	0.00
GCC	55	19.26	30.38	31.44	18.91	0.00	0.00
GCC	56	21.13	28.84	29.63	20.40	0.00	0.00
GCC	57	19.33	30.11	31.41	19.15	0.00	0.00
GCC	58	19.96	29.74	30.84	19.47	0.00	0.00
GCC	59	18.23	31.27	32.31	18.19	0.00	0.00
GCC	60	18.62	31.01	31.86	18.51	0.00	0.00
GCC	61	19.24	30.11	31.53	19.13	0.00	0.00
GCC	62	19.07	30.95	31.72	18.25	0.00	0.00
GCC	63	20.02	29.51	30.58	19.90	0.00	0.00
GCC	64	19.53	29.87	31.37	19.24	0.00	0.00
GCC	65	18.51	31.07	32.33	18.09	0.00	0.00
GCC	66	19.27	30.56	31.15	19.02	0.00	0.00
GCC	67	20.66	29.20	29.84	20.30	0.00	0.00
GCC	68	19.42	29.92	30.88	19.78	0.00	0.00
GCC	69	19.58	30.05	31.51	18.86	0.00	0.00
GCC	70	18.38	31.00	32.43	18.18	0.00	0.00
GCC	71	19.20	30.38	31.76	18.66	0.00	0.00
GCC	72	19.02	30.48	31.73	18.77	0.00	0.00
GCC	73	19.87	29.63	30.75	19.75	0.00	0.00
GCC	74	18.80	31.20	31.72	18.28	0.00	0.00
GCC	75	13.76	36.23	36.73	13.29	0.00	0.00
# ACGT content per cycle, read oriented. Use `grep ^GCT | cut -f 2-` to extract this part. The columns are: cycle; A,C,G,T base counts as a percentage of all A/C/G/T bases [%]
GCT	1	11.02	35.75	46.11	7.12
GCT	2	12.12	29.52	33.95	24.41
GCT	3	13.12	36.84	28.22	21.82
GCT	4	20.05	29.50	30.17	20.28
GCT	5	22.55	25.93	33.20	18.32
GCT	6	27.69	24.56	30.65	17.10
GCT	7	19.76	26.22	27.60	26.43
GCT	8	17.22	33.13	26.43	23.22
GCT	9	19.90	30.43	27.02	22.65
GCT	10	26.93	26.47	29.23	17.37
GCT	11	18.02	33.85	30.51	17.62
GCT	12	18.36	31.88	29.70	20.06
GCT	13	18.03	31.64	31.21	19.12
GCT	14	18.76	29.50	30.86	20.87
GCT	15	18.45	29.29	31.66	20.60
GCT	16	18.30	28.09	31.60	22.02
GCT	17	19.19	27.80	31.32	21.70
GCT	18	17.48	28.45	32.22	21.85
GCT	19	19.61	27.37	32.57	20.44
GCT	20	21.47	27.55	32.26	18.72
GCT	21	21.05	29.89	29.90	19.16
GCT	22	20.74	29.83	29.22	20.21
GCT	23	19.94	31.83	29.97	18.26
GCT	24	19.36	30.57	30.68	19.40
GCT	25	17.81	30.82	31.55	19.81
GCT	26	19.47	30.64	30.82	19.08
GCT	27	20.25	29.82	31.57	18.36
GCT	28	21.56	30.30	29.22	18.92
GCT	29	19.00	35.42	29.95	15.64
GCT	30	21.02	31.62	30.30	17.06
GCT	31	17.74	30.48	33.79	17.99
GCT	32	17.83	30.37	34.69	17.12
GCT	33	19.48	29.57	34.75	16.20
GCT	34	20.01	30.19	32.87	16.94
GCT	35	20.41	28.32	29.96	21.31
GCT	36	19.62	25.68	33.08	21.63
GCT	37	17.98	30.62	31.56	19.84
GCT	38	18.86	31.30	29.94	19.89
GCT	39	18.73	28.84	30.63	21.80
GCT	40	19.37	29.06	31.15	20.42
GCT	41	20.17	28.18	32.37	19.29
GCT	42	17.54	28.61	34.26	19.59
GCT	43	20.58	29.49	30.28	19.65
GCT	44	18.71	27.20	31.44	22.65
GCT	45	19.27	29.95	31.87	18.91
GCT	46	18.76	31.43	30.84	18.97
GCT	47	16.65	31.57	30.76	21.02
GCT	48	18.39	30.88	30.37	20.36
GCT	49	18.79	28.71	29.45	23.05
GCT	50	20.13	28.53	30.23	21.11
GCT	51	18.24	29.52	32.67	19.57
GCT	52	20.17	28.28	30.72	20.82
GCT	53	19.38	28.82	32.45	19.35
GCT	54	17.80	30.93	32.66	18.61
GCT	55	18.83	29.76	32.06	19.35
GCT	56	21.85	28.87	29.60	19.68
GCT	57	20.08	30.12	31.40	18.40
GCT	58	20.81	31.88	28.70	18.62
GCT	59	17.91	33.62	29.96	18.52
GCT	60	18.68	32.14	30.73	18.45
GCT	61	19.18	32.62	29.01	19.19
GCT	62	17.59	31.86	30.81	19.73
GCT	63	18.45	30.83	29.26	21.47
GCT	64	18.39	31.81	29.42	20.38
GCT	65	16.92	32.07	31.33	19.68
GCT	66	18.70	32.30	29.41	19.59
GCT	67	18.65	28.46	30.58	22.31
GCT	68	19.16	29.85	30.96	20.04
GCT	69	19.31	29.28	32.28	19.13
GCT	70	17.61	29.45	33.99	18.95
GCT	71	17.70	30.13	32.01	20.16
GCT	72	18.95	31.92	30.30	18.84
GCT	73	16.94	28.48	31.89	22.68
GCT	74	12.76	31.64	31.28	24.32
GCT	75	0.00	43.06	29.90	27.04
# ACGT content per cycle for first fragments. Use `grep ^FBC | cut -f 2-` to extract this part. The columns are: cycle; A,C,G,T base counts as a percentage of all A/C/G/T bases [%]; and N and O counts as a percentage of all A/C/G/T bases [%]
FBC	1	6.47	43.82	43.11	6.60	0.00	0.00
FBC	2	18.68	32.19	33.26	15.87	0.00	0.00
FBC	3	17.09	32.59	34.87	15.45	0.00	0.00
FBC	4	19.80	30.39	30.71	19.10	0.00	0.00
FBC	5	20.58	29.61	28.99	20.82	0.00	0.00
FBC	6	22.00	27.61	27.30	23.09	0.02	0.00
FBC	7	26.48	23.94	24.27	25.31	0.00	0.00
FBC	8	23.43	26.41	28.03	22.13	0.00	0.00
FBC	9	23.10	26.93	27.77	22.20	0.00	0.00
FBC	10	23.27	26.61	26.31	23.81	0.00	0.00
FBC	11	18.67	30.66	31.63	19.04	0.00	0.00
FBC	12	20.07	30.13	30.09	19.71	0.00	0.00
FBC	13	19.77	30.34	31.12	18.77	0.00	0.00
FBC	14	20.51	30.04	30.34	19.11	0.00	0.00
FBC	15	20.51	29.91	30.42	19.16	0.00	0.00
FBC	16	20.01	30.31	30.65	19.03	0.00	0.00
FBC	17	20.87	29.19	29.99	19.95	0.00	0.00
FBC	18	21.24	28.78	30.01	19.98	0.00	0.00
FBC	19	20.26	30.02	30.26	19.45	0.00	0.00
FBC	20	21.02	29.07	29.49	20.42	0.00	0.00
FBC	21	20.21	29.51	30.53	19.75	0.00	0.00
FBC	22	21.52	28.10	29.00	21.37	0.00	0.00
FBC	23	20.03	29.46	31.10	19.41	0.00	0.00
FBC	24	21.56	28.91	28.83	20.70	0.00	0.00
FBC	25	20.63	29.70	30.06	19.61	0.00	0.00
FBC	26	19.32	30.69	31.00	18.99	0.00	0.00
FBC	27	19.52	30.31	31.03	19.15	0.00	0.00
FBC	28	20.73	28.85	30.02	20.39	0.00	0.00
FBC	29	17.35	31.65	33.65	17.35	0.00	0.00
FBC	30	18.87	30.52	31.85	18.76	0.00	0.00
FBC	31	16.18	33.62	33.95	16.25	0.00	0.00
FBC	32	17.27	32.26	33.48	16.99	0.00	0.00
FBC	33	17.50	32.49	32.72	17.29	0.00	0.00
FBC	34	17.06	32.26	33.27	17.41	0.00	0.00
FBC	35	20.55	29.63	30.00	19.81	0.00	0.00
FBC	36	20.62	29.80	29.31	20.26	0.00	0.00
FBC	37	19.56	30.50	30.94	19.00	0.00	0.00
FBC	38	22.21	27.90	28.42	21.47	0.00	0.00
FBC	39	21.54	28.46	29.10	20.91	0.00	0.00
FBC	40	20.59	29.61	29.84	19.96	0.00	0.00
FBC	41	19.61	30.81	30.78	18.80	0.00	0.00
FBC	42	17.94	32.43	32.45	17.17	0.00	0.00
FBC	43	20.14	30.53	30.19	19.14	0.00	0.00
FBC	44	20.35	29.73	30.13	19.79	0.00	0.00
FBC	45	19.73	30.36	30.78	19.13	0.00	0.00
FBC	46	20.02	30.22	30.55	19.21	0.00	0.00
FBC	47	20.39	29.34	30.70	19.57	0.00	0.00
FBC	48	20.04	29.98	31.09	18.89	0.00	0.00
FBC	49	20.62	29.28	30.11	19.98	0.00	0.00
FBC	50	21.93	28.24	29.20	20.62	0.00	0.00
FBC	51	20.04	30.26	30.82	18.88	0.00	0.00
FBC	52	22.03	28.30	28.30	21.37	0.00	0.00
FBC	53	21.26	29.03	28.81	20.91	0.00	0.00
FBC	54	19.07	30.90	31.84	18.19	0.00	0.00
FBC	55	18.45	31.16	32.13	18.26	0.00	0.00
FBC	56	20.63	29.43	30.03	19.90	0.00	0.00
FBC	57	19.58	29.94	31.28	19.20	0.00	0.00
FBC	58	18.72	30.86	32.39	18.03	0.00	0.00
FBC	59	18.57	31.02	32.40	18.01	0.00	0.00
FBC	60	19.12	30.54	31.63	18.71	0.00	0.00
FBC	61	20.28	28.75	31.23	19.75	0.00	0.00
FBC	62	20.46	29.71	30.54	19.29	0.00	0.00
FBC	63	19.65	29.79	31.28	19.27	0.00	0.00
FBC	64	19.43	29.54	31.71	19.32	0.00	0.00
FBC	65	19.17	30.29	32.10	18.43	0.00	0.00
FBC	66	18.02	31.55	32.57	17.86	0.00	0.00
FBC	67	21.44	28.75	28.99	20.82	0.00	0.00
FBC	68	19.88	29.72	30.18	20.23	0.00	0.00
FBC	69	19.38	30.32	31.55	18.75	0.00	0.00
FBC	70	17.62	32.32	32.87	17.19	0.00	0.00
FBC	71	18.01	31.78	33.02	17.18	0.00	0.00
FBC	72	18.73	30.39	32.48	18.40	0.00	0.00
FBC	73	19.50	30.38	31.72	18.40	0.00	0.00
FBC	74	20.32	30.42	31.01	18.25	0.00	0.00
FBC	75	16.98	33.70	36.37	12.95	0.00	0.00
# ACGT raw counters for first fragments. Use `grep ^FTC | cut -f 2-` to extract this part. The columns are: A,C,G,T,N base counters
FTC	126603138	192819379	197650819	122425880	4052
# ACGT content per cycle for last fragments. Use `grep ^LBC | cut -f 2-` to extract this part. The columns are: cycle; A,C,G,T base counts as a percentage of all A/C/G/T bases [%]; and N and O counts as a percentage of all A/C/G/T bases [%]
LBC	1	12.01	37.11	39.68	11.19	0.00	0.00
LBC	2	18.94	29.20	32.30	19.56	0.01	0.00
LBC	3	18.48	30.87	31.79	18.86	0.00	0.00
LBC	4	21.32	28.79	29.45	20.44	0.00	0.00
LBC	5	20.73	28.98	30.68	19.61	0.00	0.00
LBC	6	23.19	27.16	28.35	21.30	0.00	0.00
LBC	7	20.05	29.41	30.01	20.53	0.00	0.00
LBC	8	17.77	32.45	32.24	17.54	0.00	0.00
LBC	9	20.23	29.90	30.31	19.56	0.00	0.00
LBC	10	21.62	28.95	29.52	19.91	0.00	0.00
LBC	11	16.98	32.93	33.50	16.59	0.00	0.00
LBC	12	18.33	31.34	31.59	18.73	0.00	0.00
LBC	13	18.26	31.87	32.37	17.51	0.00	0.00
LBC	14	20.27	29.88	30.47	19.38	0.00	0.00
LBC	15	19.41	30.27	31.30	19.02	0.00	0.00
LBC	16	20.96	28.63	29.77	20.64	0.00	0.00
LBC	17	20.22	28.77	30.28	20.73	0.00	0.00
LBC	18	18.46	30.36	32.19	18.99	0.00	0.00
LBC	19	20.27	29.11	30.50	20.12	0.00	0.00
LBC	20	20.06	29.84	31.22	18.87	0.00	0.00
LBC	21	20.77	29.12	30.41	19.69	0.00	0.00
LBC	22	19.88	30.06	30.93	19.13	0.00	0.00
LBC	23	19.09	31.29	31.75	17.88	0.00	0.00
LBC	24	18.17	32.21	32.55	17.07	0.00	0.00
LBC	25	18.03	32.27	32.72	16.98	0.00	0.00
LBC	26	20.09	30.01	31.22	18.68	0.00	0.00
LBC	27	19.71	29.98	31.46	18.85	0.00	0.00
LBC	28	20.46	29.47	30.69	19.37	0.00	0.00
LBC	29	17.91	32.23	33.21	16.65	0.00	0.00
LBC	30	19.91	30.01	31.45	18.62	0.00	0.00
LBC	31	19.85	29.67	31.29	19.19	0.00	0.00
LBC	32	18.32	31.34	33.04	17.30	0.00	0.00
LBC	33	18.77	30.71	32.72	17.80	0.00	0.00
LBC	34	20.10	29.40	31.16	19.34	0.00	0.00
LBC	35	21.89	28.06	28.85	21.20	0.00	0.00
LBC	36	21.10	28.39	30.01	20.50	0.00	0.00
LBC	37	18.77	31.05	31.88	18.30	0.00	0.00
LBC	38	17.11	32.98	33.24	16.67	0.00	0.00
LBC	39	19.43	30.31	31.10	19.16	0.00	0.00
LBC	40	19.62	30.12	30.85	19.41	0.00	0.00
LBC	41	20.74	28.77	30.72	19.77	0.00	0.00
LBC	42	19.72	29.77	31.06	19.45	0.00	0.00
LBC	43	21.12	29.22	29.59	20.07	0.00	0.00
LBC	44	21.51	27.94	29.45	21.09	0.00	0.00
LBC	45	19.32	30.77	31.75	18.16	0.00	0.00
LBC	46	18.34	31.25	32.54	17.87	0.00	0.00
LBC	47	17.66	31.79	32.86	17.70	0.00	0.00
LBC	48	19.68	30.10	31.32	18.90	0.00	0.00
LBC	49	21.46	28.01	28.89	21.63	0.00	0.00
LBC	50	20.06	29.61	30.50	19.84	0.00	0.00
LBC	51	18.54	30.66	32.65	18.15	0.00	0.00
LBC	52	19.55	30.11	31.35	18.99	0.00	0.00
LBC	53	17.87	31.57	33.20	17.36	0.00	0.00
LBC	54	17.85	31.33	33.12	17.70	0.00	0.00
LBC	55	20.10	29.59	30.74	19.57	0.00	0.00
LBC	56	21.63	28.24	29.22	20.92	0.00	0.00
LBC	57	19.07	30.28	31.55	19.10	0.00	0.00
LBC	58	21.22	28.59	29.25	20.94	0.00	0.00
LBC	59	17.89	31.52	32.21	18.38	0.00	0.00
LBC	60	18.12	31.49	32.08	18.31	0.00	0.00
LBC	61	18.17	31.50	31.83	18.50	0.00	0.00
LBC	62	17.64	32.23	32.93	17.19	0.00	0.00
LBC	63	20.39	29.21	29.86	20.53	0.00	0.00
LBC	64	19.63	30.20	31.01	19.16	0.00	0.00
LBC	65	17.84	31.86	32.56	17.74	0.00	0.00
LBC	66	20.55	29.53	29.70	20.22	0.00	0.00
LBC	67	19.86	29.66	30.71	19.76	0.00	0.00
LBC	68	18.95	30.13	31.59	19.32	0.00	0.00
LBC	69	19.79	29.77	31.47	18.97	0.00	0.00
LBC	70	19.15	29.66	31.99	19.21	0.00	0.00
LBC	71	20.43	28.94	30.46	20.18	0.00	0.00
LBC	72	19.31	30.58	30.96	19.15	0.00	0.00
LBC	73	20.25	28.86	29.75	21.14	0.00	0.00
LBC	74	17.19	32.03	32.46	18.31	0.00	0.00
LBC	75	10.39	38.86	37.11	13.63	0.00	0.00
# ACGT raw counters for last fragments. Use `grep ^LTC | cut -f 2-` to extract this part. The columns are: A,C,G,T,N base counters
LTC	122300912	191821086	198510327	119639051	3455
# Insert sizes. Use `grep ^IS | cut -f 2-` to extract this part. The columns are: insert size, pairs total, inward oriented pairs, outward oriented pairs, other pairs
IS	0	2	0	2	0
IS	1	0	0	0	0
IS	2	13	0	13	0
IS	3	14	0	14	0
IS	4	25	0	25	0
IS	5	20	0	20	0
IS	6	21	0	21	0
IS	7	20	0	20	0
IS	8	26	0	26	0
IS	9	21	0	20	1
IS	10	12	0	12	0
IS	11	26	0	26	0
IS	12	14	0	14	0
IS	13	12	0	12	0
IS	14	22	0	22	0
IS	15	14	0	14	0
IS	16	9	0	9	0
IS	17	13	0	13	0
IS	18	16	0	16	0
IS	19	16	2	14	0
IS	20	20	3	17	0
IS	21	29	3	26	0
IS	22	17	1	16	0
IS	23	38	1	37	0
IS	24	26	0	25	1
IS	25	27	3	24	0
IS	26	32	5	27	0
IS	27	29	4	25	0
IS	28	38	9	29	0
IS	29	46	7	38	1
IS	30	49	17	32	0
IS	31	31	8	20	3
IS	32	36	8	28	0
IS	33	48	11	37	0
IS	34	66	15	51	0
IS	35	86	19	66	1
IS	36	58	16	42	0
IS	37	76	28	47	1
IS	38	98	41	57	0
IS	39	92	32	60	0
IS	40	138	60	77	1
IS	41	112	40	72	0
IS	42	149	56	91	2
IS	43	146	66	77	3
IS	44	175	74	101	0
IS	45	178	81	97	0
IS	46	221	99	121	1
IS	47	250	110	137	3
IS	48	304	148	154	2
IS	49	341	166	175	0
IS	50	428	215	213	0
IS	51	502	259	243	0
IS	52	512	269	243	0
IS	53	594	298	295	1
IS	54	658	348	310	0
IS	55	758	376	379	3
IS	56	857	446	409	2
IS	57	939	462	477	0
IS	58	994	488	505	1
IS	59	1181	567	614	0
IS	60	1277	597	680	0
IS	61	1517	780	736	1
IS	62	1685	833	848	4
IS	63	1947	958	986	3
IS	64	2148	1040	1107	1
IS	65	2393	1172	1221	0
IS	66	2290	1071	1219	0
IS	67	2825	1286	1539	0
IS	68	3092	1411	1681	0
IS	69	3656	1692	1964	0
IS	70	4981	2316	2664	1
IS	71	5549	2662	2887	0
IS	72	6445	2921	3523	1
IS	73	7794	3593	4201	0
IS	74	8611	4229	4382	0
IS	75	10442	6196	4246	0
IS	76	10893	10880	13	0
IS	77	11987	11984	3	0
IS	78	11934	11931	3	0
IS	79	12869	12869	0	0
IS	80	14049	14048	0	1
IS	81	14923	14923	0	0
IS	82	17074	17070	4	0
IS	83	18964	18960	1	3
IS	84	20400	20397	3	0
IS	85	21717	21717	0	0
IS	86	21301	21300	1	0
IS	87	23277	23277	0	0
IS	88	26054	26054	0	0
IS	89	27298	27297	1	0
IS	90	29852	29851	1	0
IS	91	29044	29043	1	0
IS	92	34790	34790	0	0
IS	93	37219	37219	0	0
IS	94	39984	39984	0	0
IS	95	43042	43041	1	0
IS	96	43485	43485	0	0
IS	97	43167	43167	0	0
IS	98	47079	47079	0	0
IS	99	45878	45876	1	1
IS	100	48626	48626	0	0
IS	101	51536	51536	0	0
IS	102	52740	52740	0	0
IS	103	54305	54305	0	0
IS	104	57417	57415	2	0
IS	105	60700	60699	0	1
IS	106	62652	62652	0	0
IS	107	66586	66586	0	0
IS	108	66812	66812	0	0
IS	109	78303	78301	2	0
IS	110	97282	97279	3	0
IS	111	88138	88136	2	0
IS	112	85960	85958	2	0
IS	113	80766	80766	0	0
IS	114	84869	84867	2	0
IS	115	87275	87275	0	0
IS	116	87779	87777	2	0
IS	117	83745	83745	0	0
IS	118	87310	87310	0	0
IS	119	87329	87329	0	0
IS	120	84147	84147	0	0
IS	121	89268	89268	0	0
IS	122	94577	94577	0	0
IS	123	93717	93717	0	0
IS	124	93387	93386	1	0
IS	125	93881	93881	0	0
IS	126	93480	93479	1	0
IS	127	86326	86324	2	0
IS	128	90964	90964	0	0
IS	129	101059	101059	0	0
IS	130	122014	122013	0	1
IS	131	126799	126799	0	0
IS	132	112749	112749	0	0
IS	133	98280	98280	0	0
IS	134	95931	95931	0	0
IS	135	85460	85460	0	0
IS	136	82489	82489	0	0
IS	137	87561	87561	0	0
IS	138	84220	84220	0	0
IS	139	88414	88414	0	0
IS	140	93962	93962	0	0
IS	141	96426	96426	0	0
IS	142	91611	91609	2	0
IS	143	83388	83388	0	0
IS	144	81247	81247	0	0
IS	145	77801	77801	0	0
IS	146	76905	76905	0	0
IS	147	73640	73640	0	0
IS	148	71084	71084	0	0
IS	149	66086	66085	1	0
IS	150	60991	60991	0	0
IS	151	60958	60958	0	0
IS	152	59758	59758	0	0
IS	153	62716	62716	0	0
IS	154	62483	62483	0	0
IS	155	67990	67990	0	0
IS	156	64071	64071	0	0
IS	157	72294	72294	0	0
IS	158	63069	63069	0	0
IS	159	62618	62618	0	0
IS	160	59624	59624	0	0
IS	161	57964	57964	0	0
IS	162	57335	57335	0	0
IS	163	57229	57228	0	1
IS	164	61234	61234	0	0
IS	165	65991	65991	0	0
IS	166	59674	59673	1	0
IS	167	61588	61588	0	0
IS	168	58678	58678	0	0
IS	169	56603	56603	0	0
IS	170	52057	52055	2	0
IS	171	45172	45171	1	0
IS	172	49341	49341	0	0
IS	173	46251	46250	1	0
IS	174	46283	46283	0	0
IS	175	50093	50093	0	0
IS	176	60153	60153	0	0
IS	177	55909	55909	0	0
IS	178	51874	51874	0	0
IS	179	46357	46355	0	2
IS	180	38768	38768	0	0
IS	181	42952	42951	0	1
IS	182	39122	39122	0	0
IS	183	36887	36887	0	0
IS	184	36189	36189	0	0
IS	185	37593	37593	0	0
IS	186	39555	39553	2	0
IS	187	42142	42142	0	0
IS	188	44656	44656	0	0
IS	189	36200	36200	0	0
IS	190	34242	34242	0	0
IS	191	31040	31039	1	0
IS	192	32169	32169	0	0
IS	193	30936	30936	0	0
IS	194	29995	29995	0	0
IS	195	31770	31770	0	0
IS	196	31573	31573	0	0
IS	197	31048	31048	0	0
IS	198	33096	33095	1	0
IS	199	30345	30345	0	0
IS	200	30751	30751	0	0
IS	201	29514	29513	1	0
IS	202	30095	30095	0	0
IS	203	27556	27556	0	0
IS	204	23446	23446	0	0
IS	205	23264	23264	0	0
IS	206	22908	22908	0	0
IS	207	21800	21800	0	0
IS	208	22210	22210	0	0
IS	209	21848	21848	0	0
IS	210	21339	21338	1	0
IS	211	23837	23837	0	0
IS	212	20047	20047	0	0
IS	213	22019	22019	0	0
IS	214	20082	20082	0	0
IS	215	20688	20688	0	0
IS	216	21704	21704	0	0
IS	217	19933	19933	0	0
IS	218	22208	22207	1	0
IS	219	19670	19670	0	0
IS	220	19860	19860	0	0
IS	221	19050	19050	0	0
IS	222	18269	18269	0	0
IS	223	18054	18054	0	0
IS	224	17917	17914	3	0
IS	225	18891	18891	0	0
IS	226	17034	17034	0	0
IS	227	24538	24538	0	0
IS	228	30432	30431	1	0
IS	229	22046	22046	0	0
IS	230	19399	19398	0	1
IS	231	15635	15635	0	0
IS	232	16433	16433	0	0
IS	233	20718	20718	0	0
IS	234	14821	14821	0	0
IS	235	11673	11673	0	0
IS	236	12954	12953	1	0
IS	237	13535	13535	0	0
IS	238	14755	14755	0	0
IS	239	12981	12981	0	0
IS	240	11748	11748	0	0
IS	241	12151	12151	0	0
IS	242	11897	11897	0	0
IS	243	11382	11382	0	0
IS	244	12458	12458	0	0
IS	245	13250	13250	0	0
IS	246	16149	16148	1	0
IS	247	12987	12987	0	0
IS	248	11468	11468	0	0
IS	249	10402	10402	0	0
IS	250	9502	9502	0	0
IS	251	8699	8699	0	0
IS	252	9814	9814	0	0
IS	253	8822	8822	0	0
IS	254	8214	8214	0	0
IS	255	8921	8921	0	0
IS	256	9648	9648	0	0
IS	257	9156	9156	0	0
IS	258	8549	8549	0	0
IS	259	7270	7270	0	0
IS	260	6790	6790	0	0
IS	261	5865	5863	2	0
IS	262	5723	5723	0	0
IS	263	5071	5071	0	0
IS	264	5134	5134	0	0
IS	265	4904	4904	0	0
IS	266	4604	4603	0	1
IS	267	4306	4305	0	1
IS	268	3985	3985	0	0
IS	269	4229	4229	0	0
IS	270	4543	4542	1	0
IS	271	3792	3792	0	0
IS	272	4084	4084	0	0
IS	273	4027	4027	0	0
IS	274	4029	4029	0	0
IS	275	4287	4287	0	0
IS	276	3552	3552	0	0
IS	277	3024	3023	1	0
IS	278	2754	2754	0	0
IS	279	2598	2597	1	0
# Read lengths. Use `grep ^RL | cut -f 2-` to extract this part. The columns are: read length, count
RL	25	19890
RL	26	20174
RL	27	19510
RL	28	19515
RL	29	18632
RL	30	18642
RL	31	19782
RL	32	18298
RL	33	18196
RL	34	17310
RL	35	17796
RL	36	17675
RL	37	18042
RL	38	16474
RL	39	17062
RL	40	15095
RL	41	15608
RL	42	14783
RL	43	17838
RL	44	17960
RL	45	17992
RL	46	17777
RL	47	16060
RL	48	16466
RL	49	16259
RL	50	16316
RL	51	16147
RL	52	17324
RL	53	17026
RL	54	16517
RL	55	15773
RL	56	16465
RL	57	15927
RL	58	18003
RL	59	17442
RL	60	18250
RL	61	18448
RL	62	18165
RL	63	18881
RL	64	18969
RL	65	19398
RL	66	19604
RL	67	20913
RL	68	21183
RL	69	24794
RL	70	32953
RL	71	48559
RL	72	203717
RL	73	1193823
RL	74	3303908
RL	75	11754185
# Read lengths - first fragments. Use `grep ^FRL | cut -f 2-` to extract this part. The columns are: read length, count
FRL	25	6571
FRL	26	6155
FRL	27	6092
FRL	28	6061
FRL	29	6102
FRL	30	6174
FRL	31	6115
FRL	32	5949
FRL	33	6759
FRL	34	5903
FRL	35	5679
FRL	36	6445
FRL	37	6082
FRL	38	5688
FRL	39	5985
FRL	40	5929
FRL	41	5607
FRL	42	5281
FRL	43	6028
FRL	44	5571
FRL	45	5353
FRL	46	5511
FRL	47	5299
FRL	48	5629
FRL	49	5537
FRL	50	5542
FRL	51	5817
FRL	52	5787
FRL	53	5927
FRL	54	6165
FRL	55	5946
FRL	56	6327
FRL	57	5895
FRL	58	6671
FRL	59	6736
FRL	60	7033
FRL	61	7405
FRL	62	7537
FRL	63	7852
FRL	64	8741
FRL	65	8880
FRL	66	9036
FRL	67	10347
FRL	68	9739
FRL	69	10847
FRL	70	14483
FRL	71	23250
FRL	72	82012
FRL	73	510040
FRL	74	1746192
FRL	75	6001051
# Read lengths - last fragments. Use `grep ^LRL | cut -f 2-` to extract this part. The columns are: read length, count
LRL	25	13319
LRL	26	14019
LRL	27	13418
LRL	28	13454
LRL	29	12530
LRL	30	12468
LRL	31	13667
LRL	32	12349
LRL	33	11437
LRL	34	11407
LRL	35	12117
LRL	36	11230
LRL	37	11960
LRL	38	10786
LRL	39	11077
LRL	40	9166
LRL	41	10001
LRL	42	9502
LRL	43	11810
LRL	44	12389
LRL	45	12639
LRL	46	12266
LRL	47	10761
LRL	48	10837
LRL	49	10722
LRL	50	10774
LRL	51	10330
LRL	52	11537
LRL	53	11099
LRL	54	10352
LRL	55	9827
LRL	56	10138
LRL	57	10032
LRL	58	11332
LRL	59	10706
LRL	60	11217
LRL	61	11043
LRL	62	10628
LRL	63	11029
LRL	64	10228
LRL	65	10518
LRL	66	10568
LRL	67	10566
LRL	68	11444
LRL	69	13947
LRL	70	18470
LRL	71	25309
LRL	72	121705
LRL	73	683783
LRL	74	1557716
LRL	75	5753134
# Mapping qualities for reads !(UNMAP|SECOND|SUPPL|QCFAIL|DUP). Use `grep ^MAPQ | cut -f 2-` to extract this part. The columns are: mapq, count
MAPQ	0	10845995
MAPQ	1	269
MAPQ	2	3
MAPQ	3	143
MAPQ	4	4699
MAPQ	5	66
MAPQ	6	276
MAPQ	7	1314
MAPQ	8	61
MAPQ	9	254
MAPQ	10	4154
MAPQ	11	119
MAPQ	12	356
MAPQ	13	312
MAPQ	14	21
MAPQ	15	158
MAPQ	16	4017
MAPQ	17	173
MAPQ	18	190
MAPQ	19	390
MAPQ	20	4
MAPQ	21	296
MAPQ	22	156420
MAPQ	23	4742
MAPQ	24	3415
MAPQ	25	7377
MAPQ	26	293
MAPQ	27	10799
MAPQ	28	10003
MAPQ	29	175
MAPQ	30	239
MAPQ	31	634
MAPQ	32	67
MAPQ	33	624
MAPQ	34	5329
MAPQ	35	55
MAPQ	36	146
MAPQ	37	490
MAPQ	38	52
MAPQ	39	1036
MAPQ	40	196968
MAPQ	41	1571
MAPQ	42	730
MAPQ	43	669
MAPQ	44	2777
MAPQ	45	1700
MAPQ	46	7303
MAPQ	47	52951
MAPQ	48	2452
MAPQ	49	4102
MAPQ	50	6181
MAPQ	51	1485
MAPQ	52	28692
MAPQ	53	622
MAPQ	54	2783
MAPQ	55	866
MAPQ	56	1007
MAPQ	57	1734
MAPQ	58	1438
MAPQ	59	239
MAPQ	60	5851422
# Indel distribution. Use `grep ^ID | cut -f 2-` to extract this part. The columns are: length, number of insertions, number of deletions
ID	1	13747	21791
ID	2	231	4640
ID	3	54	449
ID	4	3	91
ID	5	2	30
ID	6	3	50
ID	7	0	7
ID	8	0	5
ID	9	2	5
ID	11	0	1
ID	12	0	14
ID	13	1	3
ID	14	0	14
ID	15	0	6
ID	16	2	21
ID	17	0	4
ID	18	1	9
ID	19	0	3
ID	20	0	1
ID	21	0	1
ID	23	0	3
ID	24	0	10
ID	25	0	2
ID	26	0	2
ID	27	0	4
ID	29	0	1
ID	30	0	1
ID	32	0	2
# Indels per cycle. Use `grep ^IC | cut -f 2-` to extract this part. The columns are: cycle, number of insertions (fwd), .. (rev) , number of deletions (fwd), .. (rev)
IC	3	0	0	1154	200
IC	4	250	75	465	143
IC	5	168	18	131	145
IC	6	55	152	74	115
IC	7	39	24	73	137
IC	8	32	29	140	178
IC	9	33	32	113	166
IC	10	31	48	101	196
IC	11	19	60	141	177
IC	12	12	26	122	179
IC	13	17	38	122	188
IC	14	19	6	156	235
IC	15	48	76	167	235
IC	16	34	16	209	214
IC	17	26	102	196	170
IC	18	140	340	186	222
IC	19	20	69	138	187
IC	20	30	342	210	193
IC	21	38	28	200	190
IC	22	39	376	186	219
IC	23	68	251	174	199
IC	24	49	546	223	189
IC	25	146	79	220	207
IC	26	76	40	214	230
IC	27	73	298	230	209
IC	28	102	99	193	191
IC	29	30	99	184	167
IC	30	52	236	201	184
IC	31	82	200	201	171
IC	32	33	67	158	191
IC	33	30	62	152	199
IC	34	32	44	156	209
IC	35	27	200	169	188
IC	36	34	37	175	220
IC	37	42	64	213	233
IC	38	51	49	144	240
IC	39	42	51	196	219
IC	40	64	160	205	219
IC	41	20	109	212	189
IC	42	20	156	153	235
IC	43	19	86	211	214
IC	44	32	89	188	213
IC	45	18	245	185	193
IC	46	18	62	192	186
IC	47	12	49	214	201
IC	48	37	115	219	181
IC	49	28	87	182	211
IC	50	31	151	220	180
IC	51	26	28	224	182
IC	52	71	33	191	218
IC	53	74	66	182	174
IC	54	71	226	194	213
IC	55	112	186	254	196
IC	56	432	189	207	173
IC	57	650	363	218	165
IC	58	116	43	186	235
IC	59	1013	300	189	198
IC	60	204	137	198	196
IC	61	36	17	177	195
IC	62	128	52	188	253
IC	63	112	132	171	224
IC	64	130	387	217	234
IC	65	95	119	206	183
IC	66	44	14	195	226
IC	67	282	29	181	144
IC	68	38	12	202	195
IC	69	32	12	169	155
IC	70	17	16	156	149
IC	71	47	15	122	83
IC	72	21	13	67	60
# Coverage distribution. Use `grep ^COV | cut -f 2-` to extract this part.
COV	[1-1]	1	740779
COV	[2-2]	2	617654
COV	[3-3]	3	432806
COV	[4-4]	4	366990
COV	[5-5]	5	285008
COV	[6-6]	6	250811
COV	[7-7]	7	207683
COV	[8-8]	8	187831
COV	[9-9]	9	162332
COV	[10-10]	10	146547
COV	[11-11]	11	128533
COV	[12-12]	12	118715
COV	[13-13]	13	106388
COV	[14-14]	14	97249
COV	[15-15]	15	88906
COV	[16-16]	16	83337
COV	[17-17]	17	75513
COV	[18-18]	18	69509
COV	[19-19]	19	65225
COV	[20-20]	20	61692
COV	[21-21]	21	57293
COV	[22-22]	22	53860
COV	[23-23]	23	50841
COV	[24-24]	24	47252
COV	[25-25]	25	44400
COV	[26-26]	26	42184
COV	[27-27]	27	40186
COV	[28-28]	28	38650
COV	[29-29]	29	36976
COV	[30-30]	30	35030
COV	[31-31]	31	34003
COV	[32-32]	32	32588
COV	[33-33]	33	31116
COV	[34-34]	34	29821
COV	[35-35]	35	28698
COV	[36-36]	36	27030
COV	[37-37]	37	26206
COV	[38-38]	38	24657
COV	[39-39]	39	23691
COV	[40-40]	40	23231
COV	[41-41]	41	21962
COV	[42-42]	42	21060
COV	[43-43]	43	20704
COV	[44-44]	44	20043
COV	[45-45]	45	19278
COV	[46-46]	46	18838
COV	[47-47]	47	17793
COV	[48-48]	48	16914
COV	[49-49]	49	16427
COV	[50-50]	50	16159
COV	[51-51]	51	15877
COV	[52-52]	52	14862
COV	[53-53]	53	14746
COV	[54-54]	54	13967
COV	[55-55]	55	13759
COV	[56-56]	56	13080
COV	[57-57]	57	12868
COV	[58-58]	58	12609
COV	[59-59]	59	12431
COV	[60-60]	60	11659
COV	[61-61]	61	11586
COV	[62-62]	62	11430
COV	[63-63]	63	11457
COV	[64-64]	64	10707
COV	[65-65]	65	10858
COV	[66-66]	66	10338
COV	[67-67]	67	10351
COV	[68-68]	68	9477
COV	[69-69]	69	9671
COV	[70-70]	70	9314
COV	[71-71]	71	8996
COV	[72-72]	72	8874
COV	[73-73]	73	8801
COV	[74-74]	74	8517
COV	[75-75]	75	8394
COV	[76-76]	76	8268
COV	[77-77]	77	8040
COV	[78-78]	78	7786
COV	[79-79]	79	7682
COV	[80-80]	80	7519
COV	[81-81]	81	7222
COV	[82-82]	82	7233
COV	[83-83]	83	7194
COV	[84-84]	84	7074
COV	[85-85]	85	6846
COV	[86-86]	86	6466
COV	[87-87]	87	6392
COV	[88-88]	88	6269
COV	[89-89]	89	6166
COV	[90-90]	90	6071
COV	[91-91]	91	6179
COV	[92-92]	92	6123
COV	[93-93]	93	5956
COV	[94-94]	94	5812
COV	[95-95]	95	5772
COV	[96-96]	96	5615
COV	[97-97]	97	5453
COV	[98-98]	98	5136
COV	[99-99]	99	5174
COV	[100-100]	100	5027
COV	[101-101]	101	4936
COV	[102-102]	102	4978
COV	[103-103]	103	4968
COV	[104-104]	104	4830
COV	[105-105]	105	4747
COV	[106-106]	106	4720
COV	[107-107]	107	4600
COV	[108-108]	108	4524
COV	[109-109]	109	4323
COV	[110-110]	110	4303
COV	[111-111]	111	4150
COV	[112-112]	112	4103
COV	[113-113]	113	4141
COV	[114-114]	114	4074
COV	[115-115]	115	4054
COV	[116-116]	116	3992
COV	[117-117]	117	3850
COV	[118-118]	118	3695
COV	[119-119]	119	3699
COV	[120-120]	120	3623
COV	[121-121]	121	3479
COV	[122-122]	122	3537
COV	[123-123]	123	3540
COV	[124-124]	124	3358
COV	[125-125]	125	3335
COV	[126-126]	126	3308
COV	[127-127]	127	3350
COV	[128-128]	128	3184
COV	[129-129]	129	3300
COV	[130-130]	130	3271
COV	[131-131]	131	3121
COV	[132-132]	132	3270
COV	[133-133]	133	3215
COV	[134-134]	134	3147
COV	[135-135]	135	2948
COV	[136-136]	136	2998
COV	[137-137]	137	2960
COV	[138-138]	138	2944
COV	[139-139]	139	2750
COV	[140-140]	140	2728
COV	[141-141]	141	2817
COV	[142-142]	142	2893
COV	[143-143]	143	2809
COV	[144-144]	144	2747
COV	[145-145]	145	2754
COV	[146-146]	146	2647
COV	[147-147]	147	2754
COV	[148-148]	148	2567
COV	[149-149]	149	2639
COV	[150-150]	150	2644
COV	[151-151]	151	2437
COV	[152-152]	152	2431
COV	[153-153]	153	2416
COV	[154-154]	154	2447
COV	[155-155]	155	2303
COV	[156-156]	156	2386
COV	[157-157]	157	2312
COV	[158-158]	158	2408
COV	[159-159]	159	2248
COV	[160-160]	160	2235
COV	[161-161]	161	2186
COV	[162-162]	162	2164
COV	[163-163]	163	2161
COV	[164-164]	164	2075
COV	[165-165]	165	2104
COV	[166-166]	166	2032
COV	[167-167]	167	1973
COV	[168-168]	168	1987
COV	[169-169]	169	2001
COV	[170-170]	170	1969
COV	[171-171]	171	1914
COV	[172-172]	172	1832
COV	[173-173]	173	1848
COV	[174-174]	174	1759
COV	[175-175]	175	1815
COV	[176-176]	176	1742
COV	[177-177]	177	1779
COV	[178-178]	178	1770
COV	[179-179]	179	1761
COV	[180-180]	180	1719
COV	[181-181]	181	1699
COV	[182-182]	182	1686
COV	[183-183]	183	1728
COV	[184-184]	184	1650
COV	[185-185]	185	1661
COV	[186-186]	186	1628
COV	[187-187]	187	1640
COV	[188-188]	188	1621
COV	[189-189]	189	1640
COV	[190-190]	190	1631
COV	[191-191]	191	1690
COV	[192-192]	192	1578
COV	[193-193]	193	1529
COV	[194-194]	194	1581
COV	[195-195]	195	1535
COV	[196-196]	196	1568
COV	[197-197]	197	1598
COV	[198-198]	198	1489
COV	[199-199]	199	1538
COV	[200-200]	200	1474
COV	[201-201]	201	1403
COV	[202-202]	202	1489
COV	[203-203]	203	1468
COV	[204-204]	204	1497
COV	[205-205]	205	1420
COV	[206-206]	206	1322
COV	[207-207]	207	1309
COV	[208-208]	208	1282
COV	[209-209]	209	1278
COV	[210-210]	210	1250
COV	[211-211]	211	1334
COV	[212-212]	212	1286
COV	[213-213]	213	1182
COV	[214-214]	214	1201
COV	[215-215]	215	1212
COV	[216-216]	216	1210
COV	[217-217]	217	1233
COV	[218-218]	218	1129
COV	[219-219]	219	1200
COV	[220-220]	220	1186
COV	[221-221]	221	1140
COV	[222-222]	222	1082
COV	[223-223]	223	1156
COV	[224-224]	224	1121
COV	[225-225]	225	1190
COV	[226-226]	226	1181
COV	[227-227]	227	1188
COV	[228-228]	228	1233
COV	[229-229]	229	1194
COV	[230-230]	230	1152
COV	[231-231]	231	1146
COV	[232-232]	232	1128
COV	[233-233]	233	1165
COV	[234-234]	234	1121
COV	[235-235]	235	1058
COV	[236-236]	236	1155
COV	[237-237]	237	1124
COV	[238-238]	238	1094
COV	[239-239]	239	1107
COV	[240-240]	240	1081
COV	[241-241]	241	1060
COV	[242-242]	242	1059
COV	[243-243]	243	1090
COV	[244-244]	244	1021
COV	[245-245]	245	1027
COV	[246-246]	246	988
COV	[247-247]	247	1081
COV	[248-248]	248	1039
COV	[249-249]	249	966
COV	[250-250]	250	972
COV	[251-251]	251	908
COV	[252-252]	252	912
COV	[253-253]	253	963
COV	[254-254]	254	939
COV	[255-255]	255	926
COV	[256-256]	256	915
COV	[257-257]	257	929
COV	[258-258]	258	920
COV	[259-259]	259	922
COV	[260-260]	260	880
COV	[261-261]	261	835
COV	[262-262]	262	816
COV	[263-263]	263	883
COV	[264-264]	264	799
COV	[265-265]	265	817
COV	[266-266]	266	865
COV	[267-267]	267	850
COV	[268-268]	268	863
COV	[269-269]	269	803
COV	[270-270]	270	823
COV	[271-271]	271	818
COV	[272-272]	272	861
COV	[273-273]	273	796
COV	[274-274]	274	843
COV	[275-275]	275	831
COV	[276-276]	276	773
COV	[277-277]	277	766
COV	[278-278]	278	794
COV	[279-279]	279	800
COV	[280-280]	280	790
COV	[281-281]	281	800
COV	[282-282]	282	757
COV	[283-283]	283	762
COV	[284-284]	284	762
COV	[285-285]	285	684
COV	[286-286]	286	737
COV	[287-287]	287	755
COV	[288-288]	288	704
COV	[289-289]	289	746
COV	[290-290]	290	739
COV	[291-291]	291	696
COV	[292-292]	292	721
COV	[293-293]	293	730
COV	[294-294]	294	672
COV	[295-295]	295	704
COV	[296-296]	296	638
COV	[297-297]	297	711
COV	[298-298]	298	624
COV	[299-299]	299	654
COV	[300-300]	300	667
COV	[301-301]	301	717
COV	[302-302]	302	665
COV	[303-303]	303	644
COV	[304-304]	304	677
COV	[305-305]	305	680
COV	[306-306]	306	661
COV	[307-307]	307	604
COV	[308-308]	308	655
COV	[309-309]	309	591
COV	[310-310]	310	625
COV	[311-311]	311	627
COV	[312-312]	312	637
COV	[313-313]	313	591
COV	[314-314]	314	607
COV	[315-315]	315	598
COV	[316-316]	316	606
COV	[317-317]	317	558
COV	[318-318]	318	579
COV	[319-319]	319	601
COV	[320-320]	320	586
COV	[321-321]	321	566
COV	[322-322]	322	591
COV	[323-323]	323	640
COV	[324-324]	324	593
COV	[325-325]	325	570
COV	[326-326]	326	560
COV	[327-327]	327	536
COV	[328-328]	328	557
COV	[329-329]	329	568
COV	[330-330]	330	556
COV	[331-331]	331	593
COV	[332-332]	332	558
COV	[333-333]	333	567
COV	[334-334]	334	573
COV	[335-335]	335	541
COV	[336-336]	336	590
COV	[337-337]	337	557
COV	[338-338]	338	592
COV	[339-339]	339	568
COV	[340-340]	340	587
COV	[341-341]	341	575
COV	[342-342]	342	528
COV	[343-343]	343	573
COV	[344-344]	344	569
COV	[345-345]	345	561
COV	[346-346]	346	511
COV	[347-347]	347	545
COV	[348-348]	348	536
COV	[349-349]	349	552
COV	[350-350]	350	517
COV	[351-351]	351	559
COV	[352-352]	352	559
COV	[353-353]	353	538
COV	[354-354]	354	556
COV	[355-355]	355	534
COV	[356-356]	356	557
COV	[357-357]	357	533
COV	[358-358]	358	559
COV	[359-359]	359	467
COV	[360-360]	360	519
COV	[361-361]	361	536
COV	[362-362]	362	514
COV	[363-363]	363	522
COV	[364-364]	364	520
COV	[365-365]	365	444
COV	[366-366]	366	483
COV	[367-367]	367	519
COV	[368-368]	368	426
COV	[369-369]	369	455
COV	[370-370]	370	462
COV	[371-371]	371	486
COV	[372-372]	372	484
COV	[373-373]	373	446
COV	[374-374]	374	461
COV	[375-375]	375	476
COV	[376-376]	376	427
COV	[377-377]	377	431
COV	[378-378]	378	422
COV	[379-379]	379	441
COV	[380-380]	380	415
COV	[381-381]	381	418
COV	[382-382]	382	429
COV	[383-383]	383	395
COV	[384-384]	384	408
COV	[385-385]	385	383
COV	[386-386]	386	413
COV	[387-387]	387	427
COV	[388-388]	388	380
COV	[389-389]	389	414
COV	[390-390]	390	369
COV	[391-391]	391	341
COV	[392-392]	392	388
COV	[393-393]	393	382
COV	[394-394]	394	389
COV	[395-395]	395	370
COV	[396-396]	396	381
COV	[397-397]	397	368
COV	[398-398]	398	365
COV	[399-399]	399	354
COV	[400-400]	400	393
COV	[401-401]	401	365
COV	[402-402]	402	336
COV	[403-403]	403	397
COV	[404-404]	404	404
COV	[405-405]	405	340
COV	[406-406]	406	382
COV	[407-407]	407	357
COV	[408-408]	408	412
COV	[409-409]	409	387
COV	[410-410]	410	350
COV	[411-411]	411	361
COV	[412-412]	412	359
COV	[413-413]	413	426
COV	[414-414]	414	362
COV	[415-415]	415	358
COV	[416-416]	416	374
COV	[417-417]	417	400
COV	[418-418]	418	367
COV	[419-419]	419	382
COV	[420-420]	420	393
COV	[421-421]	421	359
COV	[422-422]	422	340
COV	[423-423]	423	342
COV	[424-424]	424	362
COV	[425-425]	425	340
COV	[426-426]	426	331
COV	[427-427]	427	322
COV	[428-428]	428	375
COV	[429-429]	429	332
COV	[430-430]	430	339
COV	[431-431]	431	303
COV	[432-432]	432	299
COV	[433-433]	433	314
COV	[434-434]	434	328
COV	[435-435]	435	318
COV	[436-436]	436	305
COV	[437-437]	437	319
COV	[438-438]	438	312
COV	[439-439]	439	304
COV	[440-440]	440	289
COV	[441-441]	441	278
COV	[442-442]	442	297
COV	[443-443]	443	321
COV	[444-444]	444	313
COV	[445-445]	445	306
COV	[446-446]	446	313
COV	[447-447]	447	302
COV	[448-448]	448	281
COV	[449-449]	449	293
COV	[450-450]	450	288
COV	[451-451]	451	292
COV	[452-452]	452	323
COV	[453-453]	453	293
COV	[454-454]	454	320
COV	[455-455]	455	291
COV	[456-456]	456	238
COV	[457-457]	457	295
COV	[458-458]	458	290
COV	[459-459]	459	272
COV	[460-460]	460	293
COV	[461-461]	461	315
COV	[462-462]	462	267
COV	[463-463]	463	286
COV	[464-464]	464	294
COV	[465-465]	465	290
COV	[466-466]	466	309
COV	[467-467]	467	312
COV	[468-468]	468	273
COV	[469-469]	469	291
COV	[470-470]	470	288
COV	[471-471]	471	267
COV	[472-472]	472	300
COV	[473-473]	473	277
COV	[474-474]	474	302
COV	[475-475]	475	289
COV	[476-476]	476	315
COV	[477-477]	477	296
COV	[478-478]	478	277
COV	[479-479]	479	294
COV	[480-480]	480	288
COV	[481-481]	481	315
COV	[482-482]	482	284
COV	[483-483]	483	313
COV	[484-484]	484	281
COV	[485-485]	485	261
COV	[486-486]	486	298
COV	[487-487]	487	255
COV	[488-488]	488	252
COV	[489-489]	489	253
COV	[490-490]	490	276
COV	[491-491]	491	278
COV	[492-492]	492	271
COV	[493-493]	493	278
COV	[494-494]	494	297
COV	[495-495]	495	264
COV	[496-496]	496	289
COV	[497-497]	497	254
COV	[498-498]	498	234
COV	[499-499]	499	252
COV	[500-500]	500	265
COV	[501-501]	501	273
COV	[502-502]	502	280
COV	[503-503]	503	254
COV	[504-504]	504	263
COV	[505-505]	505	266
COV	[506-506]	506	254
COV	[507-507]	507	282
COV	[508-508]	508	237
COV	[509-509]	509	252
COV	[510-510]	510	231
COV	[511-511]	511	234
COV	[512-512]	512	257
COV	[513-513]	513	226
COV	[514-514]	514	230
COV	[515-515]	515	231
COV	[516-516]	516	233
COV	[517-517]	517	246
COV	[518-518]	518	288
COV	[519-519]	519	224
COV	[520-520]	520	231
COV	[521-521]	521	217
COV	[522-522]	522	250
COV	[523-523]	523	227
COV	[524-524]	524	235
COV	[525-525]	525	254
COV	[526-526]	526	225
COV	[527-527]	527	199
COV	[528-528]	528	228
COV	[529-529]	529	220
COV	[530-530]	530	233
COV	[531-531]	531	239
COV	[532-532]	532	223
COV	[533-533]	533	231
COV	[534-534]	534	240
COV	[535-535]	535	229
COV	[536-536]	536	230
COV	[537-537]	537	252
COV	[538-538]	538	251
COV	[539-539]	539	265
COV	[540-540]	540	226
COV	[541-541]	541	215
COV	[542-542]	542	204
COV	[543-543]	543	224
COV	[544-544]	544	240
COV	[545-545]	545	243
COV	[546-546]	546	208
COV	[547-547]	547	233
COV	[548-548]	548	212
COV	[549-549]	549	218
COV	[550-550]	550	228
COV	[551-551]	551	222
COV	[552-552]	552	255
COV	[553-553]	553	235
COV	[554-554]	554	238
COV	[555-555]	555	238
COV	[556-556]	556	231
COV	[557-557]	557	201
COV	[558-558]	558	205
COV	[559-559]	559	240
COV	[560-560]	560	225
COV	[561-561]	561	216
COV	[562-562]	562	201
COV	[563-563]	563	242
COV	[564-564]	564	226
COV	[565-565]	565	219
COV	[566-566]	566	230
COV	[567-567]	567	219
COV	[568-568]	568	212
COV	[569-569]	569	211
COV	[570-570]	570	217
COV	[571-571]	571	199
COV	[572-572]	572	208
COV	[573-573]	573	222
COV	[574-574]	574	228
COV	[575-575]	575	222
COV	[576-576]	576	225
COV	[577-577]	577	206
COV	[578-578]	578	224
COV	[579-579]	579	214
COV	[580-580]	580	229
COV	[581-581]	581	206
COV	[582-582]	582	226
COV	[583-583]	583	199
COV	[584-584]	584	228
COV	[585-585]	585	200
COV	[586-586]	586	190
COV	[587-587]	587	223
COV	[588-588]	588	211
COV	[589-589]	589	197
COV	[590-590]	590	212
COV	[591-591]	591	176
COV	[592-592]	592	205
COV	[593-593]	593	199
COV	[594-594]	594	187
COV	[595-595]	595	199
COV	[596-596]	596	212
COV	[597-597]	597	187
COV	[598-598]	598	203
COV	[599-599]	599	221
COV	[600-600]	600	210
COV	[601-601]	601	201
COV	[602-602]	602	168
COV	[603-603]	603	197
COV	[604-604]	604	170
COV	[605-605]	605	171
COV	[606-606]	606	167
COV	[607-607]	607	189
COV	[608-608]	608	192
COV	[609-609]	609	196
COV	[610-610]	610	183
COV	[611-611]	611	180
COV	[612-612]	612	176
COV	[613-613]	613	202
COV	[614-614]	614	200
COV	[615-615]	615	181
COV	[616-616]	616	189
COV	[617-617]	617	198
COV	[618-618]	618	201
COV	[619-619]	619	168
COV	[620-620]	620	163
COV	[621-621]	621	186
COV	[622-622]	622	195
COV	[623-623]	623	160
COV	[624-624]	624	180
COV	[625-625]	625	195
COV	[626-626]	626	189
COV	[627-627]	627	168
COV	[628-628]	628	194
COV	[629-629]	629	175
COV	[630-630]	630	185
COV	[631-631]	631	168
COV	[632-632]	632	166
COV	[633-633]	633	198
COV	[634-634]	634	150
COV	[635-635]	635	185
COV	[636-636]	636	180
COV	[637-637]	637	186
COV	[638-638]	638	192
COV	[639-639]	639	177
COV	[640-640]	640	173
COV	[641-641]	641	180
COV	[642-642]	642	150
COV	[643-643]	643	169
COV	[644-644]	644	159
COV	[645-645]	645	151
COV	[646-646]	646	162
COV	[647-647]	647	153
COV	[648-648]	648	171
COV	[649-649]	649	167
COV	[650-650]	650	181
COV	[651-651]	651	161
COV	[652-652]	652	160
COV	[653-653]	653	173
COV	[654-654]	654	207
COV	[655-655]	655	174
COV	[656-656]	656	172
COV	[657-657]	657	182
COV	[658-658]	658	172
COV	[659-659]	659	150
COV	[660-660]	660	170
COV	[661-661]	661	181
COV	[662-662]	662	179
COV	[663-663]	663	171
COV	[664-664]	664	166
COV	[665-665]	665	164
COV	[666-666]	666	167
COV	[667-667]	667	154
COV	[668-668]	668	159
COV	[669-669]	669	171
COV	[670-670]	670	156
COV	[671-671]	671	143
COV	[672-672]	672	137
COV	[673-673]	673	146
COV	[674-674]	674	138
COV	[675-675]	675	187
COV	[676-676]	676	149
COV	[677-677]	677	134
COV	[678-678]	678	151
COV	[679-679]	679	140
COV	[680-680]	680	174
COV	[681-681]	681	161
COV	[682-682]	682	167
COV	[683-683]	683	149
COV	[684-684]	684	136
COV	[685-685]	685	160
COV	[686-686]	686	161
COV	[687-687]	687	163
COV	[688-688]	688	148
COV	[689-689]	689	144
COV	[690-690]	690	142
COV	[691-691]	691	145
COV	[692-692]	692	134
COV	[693-693]	693	159
COV	[694-694]	694	150
COV	[695-695]	695	155
COV	[696-696]	696	132
COV	[697-697]	697	145
COV	[698-698]	698	143
COV	[699-699]	699	143
COV	[700-700]	700	143
COV	[701-701]	701	154
COV	[702-702]	702	162
COV	[703-703]	703	139
COV	[704-704]	704	126
COV	[705-705]	705	148
COV	[706-706]	706	149
COV	[707-707]	707	164
COV	[708-708]	708	137
COV	[709-709]	709	143
COV	[710-710]	710	128
COV	[711-711]	711	149
COV	[712-712]	712	137
COV	[713-713]	713	147
COV	[714-714]	714	155
COV	[715-715]	715	169
COV	[716-716]	716	132
COV	[717-717]	717	153
COV	[718-718]	718	144
COV	[719-719]	719	165
COV	[720-720]	720	157
COV	[721-721]	721	145
COV	[722-722]	722	149
COV	[723-723]	723	153
COV	[724-724]	724	124
COV	[725-725]	725	137
COV	[726-726]	726	125
COV	[727-727]	727	131
COV	[728-728]	728	142
COV	[729-729]	729	126
COV	[730-730]	730	133
COV	[731-731]	731	131
COV	[732-732]	732	127
COV	[733-733]	733	149
COV	[734-734]	734	128
COV	[735-735]	735	121
COV	[736-736]	736	133
COV	[737-737]	737	120
COV	[738-738]	738	119
COV	[739-739]	739	121
COV	[740-740]	740	150
COV	[741-741]	741	96
COV	[742-742]	742	117
COV	[743-743]	743	127
COV	[744-744]	744	129
COV	[745-745]	745	118
COV	[746-746]	746	131
COV	[747-747]	747	115
COV	[748-748]	748	145
COV	[749-749]	749	114
COV	[750-750]	750	123
COV	[751-751]	751	137
COV	[752-752]	752	140
COV	[753-753]	753	115
COV	[754-754]	754	128
COV	[755-755]	755	112
COV	[756-756]	756	122
COV	[757-757]	757	118
COV	[758-758]	758	128
COV	[759-759]	759	133
COV	[760-760]	760	144
COV	[761-761]	761	114
COV	[762-762]	762	131
COV	[763-763]	763	119
COV	[764-764]	764	144
COV	[765-765]	765	118
COV	[766-766]	766	125
COV	[767-767]	767	113
COV	[768-768]	768	117
COV	[769-769]	769	128
COV	[770-770]	770	99
COV	[771-771]	771	113
COV	[772-772]	772	118
COV	[773-773]	773	117
COV	[774-774]	774	117
COV	[775-775]	775	107
COV	[776-776]	776	92
COV	[777-777]	777	111
COV	[778-778]	778	123
COV	[779-779]	779	121
COV	[780-780]	780	93
COV	[781-781]	781	110
COV	[782-782]	782	90
COV	[783-783]	783	101
COV	[784-784]	784	109
COV	[785-785]	785	102
COV	[786-786]	786	122
COV	[787-787]	787	118
COV	[788-788]	788	95
COV	[789-789]	789	89
COV	[790-790]	790	112
COV	[791-791]	791	107
COV	[792-792]	792	96
COV	[793-793]	793	109
COV	[794-794]	794	112
COV	[795-795]	795	106
COV	[796-796]	796	102
COV	[797-797]	797	122
COV	[798-798]	798	114
COV	[799-799]	799	105
COV	[800-800]	800	96
COV	[801-801]	801	113
COV	[802-802]	802	121
COV	[803-803]	803	97
COV	[804-804]	804	100
COV	[805-805]	805	112
COV	[806-806]	806	122
COV	[807-807]	807	111
COV	[808-808]	808	94
COV	[809-809]	809	108
COV	[810-810]	810	103
COV	[811-811]	811	103
COV	[812-812]	812	110
COV	[813-813]	813	99
COV	[814-814]	814	117
COV	[815-815]	815	120
COV	[816-816]	816	133
COV	[817-817]	817	100
COV	[818-818]	818	135
COV	[819-819]	819	100
COV	[820-820]	820	111
COV	[821-821]	821	99
COV	[822-822]	822	95
COV	[823-823]	823	106
COV	[824-824]	824	109
COV	[825-825]	825	114
COV	[826-826]	826	118
COV	[827-827]	827	101
COV	[828-828]	828	80
COV	[829-829]	829	81
COV	[830-830]	830	105
COV	[831-831]	831	116
COV	[832-832]	832	102
COV	[833-833]	833	108
COV	[834-834]	834	106
COV	[835-835]	835	93
COV	[836-836]	836	95
COV	[837-837]	837	110
COV	[838-838]	838	121
COV	[839-839]	839	116
COV	[840-840]	840	108
COV	[841-841]	841	114
COV	[842-842]	842	87
COV	[843-843]	843	101
COV	[844-844]	844	110
COV	[845-845]	845	117
COV	[846-846]	846	109
COV	[847-847]	847	115
COV	[848-848]	848	107
COV	[849-849]	849	110
COV	[850-850]	850	102
COV	[851-851]	851	94
COV	[852-852]	852	105
COV	[853-853]	853	129
COV	[854-854]	854	111
COV	[855-855]	855	91
COV	[856-856]	856	108
COV	[857-857]	857	80
COV	[858-858]	858	121
COV	[859-859]	859	116
COV	[860-860]	860	93
COV	[861-861]	861	121
COV	[862-862]	862	103
COV	[863-863]	863	103
COV	[864-864]	864	100
COV	[865-865]	865	114
COV	[866-866]	866	114
COV	[867-867]	867	120
COV	[868-868]	868	93
COV	[869-869]	869	126
COV	[870-870]	870	96
COV	[871-871]	871	88
COV	[872-872]	872	106
COV	[873-873]	873	111
COV	[874-874]	874	76
COV	[875-875]	875	103
COV	[876-876]	876	84
COV	[877-877]	877	86
COV	[878-878]	878	91
COV	[879-879]	879	113
COV	[880-880]	880	96
COV	[881-881]	881	96
COV	[882-882]	882	95
COV	[883-883]	883	98
COV	[884-884]	884	86
COV	[885-885]	885	93
COV	[886-886]	886	95
COV	[887-887]	887	90
COV	[888-888]	888	83
COV	[889-889]	889	92
COV	[890-890]	890	92
COV	[891-891]	891	91
COV	[892-892]	892	103
COV	[893-893]	893	91
COV	[894-894]	894	94
COV	[895-895]	895	101
COV	[896-896]	896	88
COV	[897-897]	897	87
COV	[898-898]	898	91
COV	[899-899]	899	88
COV	[900-900]	900	99
COV	[901-901]	901	86
COV	[902-902]	902	74
COV	[903-903]	903	77
COV	[904-904]	904	84
COV	[905-905]	905	107
COV	[906-906]	906	91
COV	[907-907]	907	93
COV	[908-908]	908	94
COV	[909-909]	909	64
COV	[910-910]	910	87
COV	[911-911]	911	81
COV	[912-912]	912	68
COV	[913-913]	913	90
COV	[914-914]	914	88
COV	[915-915]	915	80
COV	[916-916]	916	86
COV	[917-917]	917	86
COV	[918-918]	918	84
COV	[919-919]	919	81
COV	[920-920]	920	83
COV	[921-921]	921	76
COV	[922-922]	922	84
COV	[923-923]	923	74
COV	[924-924]	924	91
COV	[925-925]	925	74
COV	[926-926]	926	83
COV	[927-927]	927	71
COV	[928-928]	928	95
COV	[929-929]	929	79
COV	[930-930]	930	76
COV	[931-931]	931	73
COV	[932-932]	932	75
COV	[933-933]	933	80
COV	[934-934]	934	81
COV	[935-935]	935	86
COV	[936-936]	936	75
COV	[937-937]	937	81
COV	[938-938]	938	56
COV	[939-939]	939	81
COV	[940-940]	940	68
COV	[941-941]	941	83
COV	[942-942]	942	82
COV	[943-943]	943	83
COV	[944-944]	944	72
COV	[945-945]	945	69
COV	[946-946]	946	77
COV	[947-947]	947	78
COV	[948-948]	948	52
COV	[949-949]	949	68
COV	[950-950]	950	68
COV	[951-951]	951	71
COV	[952-952]	952	84
COV	[953-953]	953	71
COV	[954-954]	954	88
COV	[955-955]	955	90
COV	[956-956]	956	78
COV	[957-957]	957	60
COV	[958-958]	958	64
COV	[959-959]	959	74
COV	[960-960]	960	61
COV	[961-961]	961	68
COV	[962-962]	962	68
COV	[963-963]	963	76
COV	[964-964]	964	78
COV	[965-965]	965	75
COV	[966-966]	966	72
COV	[967-967]	967	65
COV	[968-968]	968	72
COV	[969-969]	969	75
COV	[970-970]	970	74
COV	[971-971]	971	66
COV	[972-972]	972	64
COV	[973-973]	973	69
COV	[974-974]	974	62
COV	[975-975]	975	85
COV	[976-976]	976	63
COV	[977-977]	977	57
COV	[978-978]	978	58
COV	[979-979]	979	71
COV	[980-980]	980	72
COV	[981-981]	981	85
COV	[982-982]	982	70
COV	[983-983]	983	64
COV	[984-984]	984	62
COV	[985-985]	985	55
COV	[986-986]	986	72
COV	[987-987]	987	87
COV	[988-988]	988	80
COV	[989-989]	989	78
COV	[990-990]	990	80
COV	[991-991]	991	88
COV	[992-992]	992	79
COV	[993-993]	993	74
COV	[994-994]	994	89
COV	[995-995]	995	74
COV	[996-996]	996	76
COV	[997-997]	997	75
COV	[998-998]	998	74
COV	[999-999]	999	58
COV	[1000-1000]	1000	53
COV	[1000<]	1000	68885
# GC-depth. Use `grep ^GCD | cut -f 2-` to extract this part. The columns are: GC%, unique sequence percentiles, 10th, 25th, 50th, 75th and 90th depth percentile
GCD	0.0	0.457	0.000	0.000	0.000	0.000	0.000
GCD	58.0	0.913	2223.674	2223.674	2898.783	3573.892	3573.892
GCD	59.0	2.511	3436.197	5719.495	5965.206	6178.491	6370.924
GCD	60.0	2.740	386.185	386.185	386.185	386.185	386.185
GCD	61.0	2.968	527.062	527.062	527.062	527.062	527.062
GCD	62.0	3.196	56.057	56.057	56.057	56.057	56.057
GCD	63.0	3.881	41.969	41.969	98.476	153.463	153.463
GCD	64.0	4.795	7.922	12.219	58.528	113.336	120.465
GCD	65.0	6.393	3.105	16.607	35.241	255.448	351.497
GCD	66.0	14.384	8.699	21.061	42.302	94.308	184.062
GCD	67.0	23.744	5.867	14.723	35.124	67.084	113.954
GCD	68.0	35.160	8.657	14.981	26.533	58.159	126.704
GCD	69.0	55.023	5.925	10.305	21.802	32.558	66.267
GCD	70.0	76.941	4.155	8.896	15.428	25.675	46.617
GCD	71.0	91.096	3.248	5.044	9.629	20.476	55.535
GCD	72.0	97.032	0.886	2.776	5.451	17.314	67.392
GCD	73.0	99.087	0.649	2.102	8.919	32.956	47.284
GCD	74.0	99.772	0.198	0.198	2.607	16.277	16.277
GCD	75.0	100.000	0.260	0.260	0.260	0.260	0.260
